1.0000 0.0000 0.0000 0.0000 0.0000 1.0000 0.0000 0.0000 0.0000 0.0000 1.0000 0.0000
1.0000 -0.0027 -0.0032 -0.0039 0.0026 1.0000 -0.0021 -0.0050 0.0032 0.0021 1.0000 0.6734
1.0000 -0.0011 -0.0070 -0.0219 0.0011 1.0000 -0.0037 -0.0084 0.0070 0.0037 1.0000 1.3633
0.9999 -0.0013 -0.0112 -0.0302 0.0013 1.0000 -0.0054 -0.0072 0.0112 0.0054 0.9999 2.0681
0.9999 -0.0000 -0.0161 -0.0473 -0.0001 1.0000 -0.0060 -0.0130 0.0161 0.0060 0.9999 2.7961
0.9998 -0.0009 -0.0195 -0.0727 0.0008 1.0000 -0.0054 -0.0313 0.0195 0.0054 0.9998 3.4881
0.9997 0.0010 -0.0235 -0.1003 -0.0012 1.0000 -0.0068 -0.0376 0.0235 0.0068 0.9997 4.2292
0.9996 0.0038 -0.0279 -0.1399 -0.0040 1.0000 -0.0074 -0.0450 0.0279 0.0075 0.9996 4.9858
0.9994 0.0040 -0.0331 -0.1695 -0.0042 1.0000 -0.0057 -0.0556 0.0330 0.0058 0.9994 5.7660
0.9993 0.0032 -0.0371 -0.2106 -0.0033 1.0000 -0.0028 -0.0683 0.0371 0.0029 0.9993 6.5488
0.9992 0.0028 -0.0407 -0.2467 -0.0028 1.0000 0.0000 -0.0789 0.0407 0.0001 0.9992 7.3473
0.9990 0.0040 -0.0439 -0.2712 -0.0040 1.0000 0.0000 -0.0960 0.0439 0.0002 0.9990 8.1534
0.9989 0.0036 -0.0461 -0.3118 -0.0037 1.0000 -0.0010 -0.0870 0.0461 0.0011 0.9989 8.9665
0.9989 0.0007 -0.0467 -0.3672 -0.0008 1.0000 -0.0015 -0.0950 0.0467 0.0015 0.9989 9.7804
0.9988 0.0000 -0.0493 -0.3921 -0.0000 1.0000 -0.0001 -0.1073 0.0493 0.0001 0.9988 10.5888
0.9987 -0.0014 -0.0507 -0.4361 0.0013 1.0000 -0.0010 -0.1079 0.0507 0.0009 0.9987 11.4285
0.9986 0.0012 -0.0525 -0.4846 -0.0013 1.0000 -0.0029 -0.1179 0.0525 0.0029 0.9986 12.2742
0.9986 0.0019 -0.0526 -0.5499 -0.0023 1.0000 -0.0063 -0.1200 0.0526 0.0064 0.9986 13.1012
0.9983 0.0053 -0.0578 -0.5697 -0.0057 1.0000 -0.0075 -0.1398 0.0578 0.0078 0.9983 14.0249
0.9983 0.0063 -0.0576 -0.6469 -0.0068 0.9999 -0.0077 -0.1484 0.0576 0.0081 0.9983 14.8926
0.9982 0.0056 -0.0590 -0.7007 -0.0060 1.0000 -0.0062 -0.1629 0.0590 0.0065 0.9982 15.7789
0.9982 0.0065 -0.0594 -0.7741 -0.0068 1.0000 -0.0042 -0.1775 0.0593 0.0046 0.9982 16.6442
0.9982 0.0061 -0.0600 -0.8347 -0.0065 1.0000 -0.0055 -0.1790 0.0600 0.0058 0.9982 17.5228
0.9979 0.0052 -0.0640 -0.8691 -0.0057 1.0000 -0.0064 -0.1896 0.0640 0.0067 0.9979 18.4451
0.9979 0.0040 -0.0654 -0.9259 -0.0045 1.0000 -0.0068 -0.2039 0.0654 0.0071 0.9978 19.3460
0.9978 0.0041 -0.0663 -0.9771 -0.0044 1.0000 -0.0050 -0.2205 0.0663 0.0053 0.9978 20.2420
0.9978 0.0048 -0.0668 -1.0382 -0.0049 1.0000 -0.0014 -0.2356 0.0667 0.0017 0.9978 21.1775
0.9978 0.0061 -0.0658 -1.0994 -0.0059 1.0000 0.0026 -0.2409 0.0658 -0.0022 0.9978 22.0112
0.9978 0.0044 -0.0662 -1.1296 -0.0041 1.0000 0.0052 -0.2380 0.0662 -0.0049 0.9978 22.9947
0.9979 0.0052 -0.0642 -1.2046 -0.0048 1.0000 0.0060 -0.2514 0.0642 -0.0057 0.9979 23.9233
0.9980 0.0047 -0.0630 -1.2663 -0.0045 1.0000 0.0036 -0.2640 0.0630 -0.0033 0.9980 24.8471
0.9981 0.0052 -0.0620 -1.3328 -0.0053 1.0000 -0.0014 -0.2637 0.0620 0.0018 0.9981 25.7668
0.9981 0.0048 -0.0609 -1.4033 -0.0051 1.0000 -0.0044 -0.2668 0.0609 0.0047 0.9981 26.7193
0.9983 0.0023 -0.0590 -1.4542 -0.0025 1.0000 -0.0041 -0.2727 0.0590 0.0042 0.9983 27.6037
0.9982 0.0012 -0.0594 -1.5106 -0.0012 1.0000 0.0007 -0.2850 0.0594 -0.0006 0.9982 28.5635
0.9982 -0.0021 -0.0598 -1.5776 0.0023 1.0000 0.0044 -0.2990 0.0598 -0.0045 0.9982 29.5186
0.9981 -0.0103 -0.0604 -1.6261 0.0106 0.9999 0.0043 -0.3123 0.0604 -0.0049 0.9982 30.4639
0.9981 -0.0116 -0.0611 -1.7240 0.0115 0.9999 -0.0020 -0.2616 0.0611 0.0013 0.9981 31.5106
0.9979 -0.0128 -0.0634 -1.7302 0.0126 0.9999 -0.0037 -0.3144 0.0634 0.0029 0.9980 32.3824
0.9978 -0.0110 -0.0657 -1.7922 0.0107 0.9999 -0.0051 -0.3147 0.0658 0.0044 0.9978 33.3682
0.9976 -0.0117 -0.0676 -1.8412 0.0115 0.9999 -0.0036 -0.3308 0.0676 0.0028 0.9977 34.3488
0.9976 -0.0081 -0.0691 -1.8888 0.0081 1.0000 -0.0010 -0.3401 0.0691 0.0004 0.9976 35.3416
0.9974 -0.0071 -0.0713 -1.9213 0.0071 1.0000 0.0002 -0.3602 0.0713 -0.0008 0.9975 36.3200
0.9974 -0.0060 -0.0714 -2.0125 0.0062 1.0000 0.0027 -0.3639 0.0714 -0.0031 0.9974 37.2942
0.9974 -0.0059 -0.0717 -2.0643 0.0063 1.0000 0.0059 -0.3804 0.0717 -0.0063 0.9974 38.2824
0.9976 -0.0007 -0.0686 -2.2103 0.0014 1.0000 0.0093 -0.3926 0.0686 -0.0094 0.9976 39.3445
0.9977 0.0002 -0.0680 -2.2910 0.0003 1.0000 0.0085 -0.4049 0.0680 -0.0085 0.9977 40.3065
0.9976 -0.0003 -0.0694 -2.3476 0.0008 1.0000 0.0066 -0.3944 0.0694 -0.0066 0.9976 41.3258
0.9976 0.0030 -0.0685 -2.4371 -0.0027 1.0000 0.0049 -0.4175 0.0685 -0.0047 0.9976 42.2962
0.9975 0.0033 -0.0707 -2.4886 -0.0030 1.0000 0.0042 -0.4185 0.0707 -0.0040 0.9975 43.3035
0.9975 0.0005 -0.0709 -2.5890 -0.0001 1.0000 0.0059 -0.4100 0.0709 -0.0059 0.9975 44.2626
0.9974 -0.0002 -0.0718 -2.6600 0.0007 1.0000 0.0071 -0.4097 0.0718 -0.0072 0.9974 45.2241
0.9974 0.0030 -0.0714 -2.7478 -0.0028 1.0000 0.0037 -0.4300 0.0714 -0.0035 0.9974 46.1768
0.9974 0.0033 -0.0724 -2.8273 -0.0034 1.0000 -0.0006 -0.4332 0.0724 0.0008 0.9974 47.1486
0.9973 0.0034 -0.0739 -2.8717 -0.0036 1.0000 -0.0019 -0.4357 0.0739 0.0022 0.9973 48.1389
0.9973 0.0035 -0.0739 -2.9378 -0.0034 1.0000 0.0019 -0.4614 0.0739 -0.0016 0.9973 49.0978
0.9973 0.0013 -0.0739 -3.0095 -0.0009 1.0000 0.0054 -0.4767 0.0739 -0.0053 0.9973 50.0440
0.9972 -0.0010 -0.0742 -3.0798 0.0014 1.0000 0.0059 -0.4807 0.0742 -0.0060 0.9972 51.0227
0.9973 -0.0029 -0.0734 -3.1589 0.0033 1.0000 0.0045 -0.4888 0.0734 -0.0047 0.9973 51.9523
0.9972 -0.0057 -0.0750 -3.2182 0.0059 1.0000 0.0024 -0.5000 0.0750 -0.0028 0.9972 52.8526
0.9971 -0.0070 -0.0760 -3.2890 0.0073 1.0000 0.0034 -0.5070 0.0760 -0.0040 0.9971 53.7881
0.9970 -0.0100 -0.0767 -3.3623 0.0106 0.9999 0.0077 -0.5142 0.0766 -0.0085 0.9970 54.7211
0.9970 -0.0110 -0.0767 -3.4438 0.0121 0.9998 0.0130 -0.5249 0.0765 -0.0139 0.9970 55.6498
0.9969 -0.0097 -0.0777 -3.5324 0.0109 0.9998 0.0149 -0.5191 0.0776 -0.0157 0.9969 56.6879
0.9968 -0.0086 -0.0800 -3.5975 0.0095 0.9999 0.0108 -0.5207 0.0799 -0.0115 0.9967 57.6118
0.9967 -0.0061 -0.0810 -3.6842 0.0063 1.0000 0.0028 -0.5274 0.0810 -0.0033 0.9967 58.5176
0.9966 -0.0053 -0.0819 -3.7648 0.0052 1.0000 -0.0019 -0.5342 0.0819 0.0015 0.9966 59.4333
0.9965 -0.0006 -0.0831 -3.8387 0.0005 1.0000 -0.0014 -0.5335 0.0831 0.0014 0.9965 60.3195
0.9965 0.0023 -0.0832 -3.9260 -0.0022 1.0000 0.0013 -0.5469 0.0832 -0.0011 0.9965 61.1451
0.9965 0.0048 -0.0839 -4.0126 -0.0046 1.0000 0.0029 -0.5608 0.0839 -0.0025 0.9965 62.0009
0.9964 0.0050 -0.0852 -4.0905 -0.0048 1.0000 0.0029 -0.5746 0.0852 -0.0025 0.9964 62.8636
0.9962 0.0069 -0.0866 -4.1714 -0.0067 1.0000 0.0036 -0.5862 0.0866 -0.0030 0.9962 63.6925
0.9961 0.0073 -0.0882 -4.2540 -0.0070 1.0000 0.0034 -0.5774 0.0882 -0.0028 0.9961 64.5932
0.9958 0.0057 -0.0909 -4.3020 -0.0053 1.0000 0.0049 -0.6071 0.0910 -0.0044 0.9958 65.4103
0.9957 0.0065 -0.0919 -4.3810 -0.0060 1.0000 0.0063 -0.6217 0.0919 -0.0057 0.9958 66.1939
0.9955 0.0090 -0.0938 -4.4523 -0.0083 0.9999 0.0086 -0.6228 0.0939 -0.0078 0.9956 66.9944
0.9954 0.0104 -0.0948 -4.5416 -0.0092 0.9999 0.0131 -0.6357 0.0949 -0.0122 0.9954 67.7772
0.9952 0.0134 -0.0967 -4.5953 -0.0120 0.9998 0.0150 -0.6387 0.0969 -0.0138 0.9952 68.4813
0.9951 0.0167 -0.0977 -4.6803 -0.0157 0.9998 0.0110 -0.6490 0.0979 -0.0094 0.9952 69.2175
0.9949 0.0168 -0.0995 -4.7425 -0.0165 0.9999 0.0034 -0.6487 0.0995 -0.0017 0.9950 69.9200
0.9948 0.0161 -0.1006 -4.8256 -0.0165 0.9999 -0.0027 -0.6497 0.1005 0.0044 0.9949 70.6107
0.9947 0.0170 -0.1015 -4.8817 -0.0174 0.9998 -0.0029 -0.6820 0.1015 0.0047 0.9948 71.2907
0.9946 0.0198 -0.1017 -4.9622 -0.0199 0.9998 0.0005 -0.6831 0.1017 0.0015 0.9948 71.9284
0.9945 0.0199 -0.1030 -5.0393 -0.0197 0.9998 0.0029 -0.7019 0.1030 -0.0009 0.9947 72.5704
0.9944 0.0164 -0.1039 -5.1023 -0.0164 0.9999 0.0004 -0.7251 0.1039 0.0014 0.9946 73.1737
0.9945 0.0083 -0.1046 -5.1381 -0.0090 0.9999 -0.0061 -0.7115 0.1045 0.0071 0.9945 73.8066
0.9947 0.0045 -0.1025 -5.2152 -0.0056 0.9999 -0.0107 -0.7283 0.1025 0.0112 0.9947 74.3853
0.9950 0.0067 -0.1000 -5.2573 -0.0078 0.9999 -0.0103 -0.7534 0.1000 0.0110 0.9949 74.9489
0.9953 0.0117 -0.0963 -5.3125 -0.0124 0.9999 -0.0076 -0.7613 0.0962 0.0087 0.9953 75.4991
0.9958 0.0104 -0.0905 -5.3894 -0.0109 0.9999 -0.0048 -0.7619 0.0905 0.0058 0.9959 76.0035
0.9964 0.0069 -0.0850 -5.4189 -0.0070 1.0000 -0.0004 -0.7781 0.0850 0.0010 0.9964 76.5383
0.9971 0.0023 -0.0766 -5.4497 -0.0021 1.0000 0.0031 -0.7921 0.0767 -0.0029 0.9971 77.0543
0.9978 0.0061 -0.0659 -5.4806 -0.0059 1.0000 0.0027 -0.7942 0.0659 -0.0023 0.9978 77.5578
0.9986 0.0114 -0.0508 -5.5080 -0.0113 0.9999 0.0025 -0.8082 0.0508 -0.0019 0.9987 78.0562
0.9994 0.0166 -0.0307 -5.5388 -0.0165 0.9999 0.0034 -0.8111 0.0308 -0.0029 0.9995 78.4677
0.9998 0.0150 -0.0087 -5.5241 -0.0150 0.9999 0.0038 -0.8126 0.0088 -0.0037 1.0000 78.9391
0.9998 0.0115 0.0179 -5.5011 -0.0116 0.9999 0.0049 -0.8212 -0.0178 -0.0052 0.9998 79.3943
0.9988 0.0107 0.0475 -5.4627 -0.0110 0.9999 0.0064 -0.8276 -0.0474 -0.0069 0.9989 79.8311
0.9967 0.0102 0.0805 -5.4072 -0.0108 0.9999 0.0071 -0.8280 -0.0804 -0.0080 0.9967 80.2561
0.9930 0.0096 0.1173 -5.3264 -0.0106 0.9999 0.0081 -0.8434 -0.1172 -0.0093 0.9931 80.6669
0.9873 0.0101 0.1585 -5.2371 -0.0115 0.9999 0.0076 -0.8401 -0.1584 -0.0093 0.9873 81.0682
0.9789 0.0092 0.2044 -5.1341 -0.0110 0.9999 0.0081 -0.8570 -0.2043 -0.0102 0.9789 81.4755
0.9676 0.0116 0.2523 -4.9974 -0.0137 0.9999 0.0063 -0.8655 -0.2522 -0.0096 0.9676 81.8477
0.9522 0.0129 0.3053 -4.8529 -0.0147 0.9999 0.0034 -0.8724 -0.3052 -0.0078 0.9523 82.2420
0.9327 0.0131 0.3603 -4.6858 -0.0146 0.9999 0.0015 -0.8808 -0.3603 -0.0067 0.9328 82.5718
0.9086 0.0134 0.4174 -4.4920 -0.0147 0.9999 -0.0001 -0.8879 -0.4173 -0.0060 0.9087 82.9095
0.8797 0.0139 0.4754 -4.2831 -0.0144 0.9999 -0.0024 -0.8907 -0.4754 -0.0048 0.8798 83.2254
0.8460 0.0116 0.5331 -4.0584 -0.0114 0.9999 -0.0037 -0.9076 -0.5331 -0.0030 0.8460 83.5200
0.8088 0.0124 0.5880 -3.7977 -0.0111 0.9999 -0.0059 -0.9090 -0.5880 -0.0017 0.8089 83.7945
0.7683 0.0115 0.6400 -3.5346 -0.0106 0.9999 -0.0053 -0.9164 -0.6400 -0.0027 0.7684 84.0670
0.7258 0.0110 0.6878 -3.2482 -0.0125 0.9999 -0.0027 -0.9301 -0.6878 -0.0066 0.7259 84.3097
0.6805 0.0099 0.7327 -2.9543 -0.0117 0.9999 -0.0026 -0.9350 -0.7327 -0.0068 0.6805 84.5296
0.6352 0.0083 0.7723 -2.6191 -0.0078 1.0000 -0.0044 -0.9403 -0.7723 -0.0032 0.6352 84.7160
0.5880 0.0061 0.8089 -2.2939 -0.0031 1.0000 -0.0053 -0.9531 -0.8089 0.0006 0.5880 84.9012
0.5425 0.0082 0.8400 -1.9592 -0.0052 1.0000 -0.0064 -0.9615 -0.8400 -0.0009 0.5425 85.0552
0.4953 0.0107 0.8687 -1.6254 -0.0089 0.9999 -0.0073 -0.9752 -0.8687 -0.0041 0.4954 85.2108
0.4495 0.0129 0.8932 -1.2875 -0.0099 0.9999 -0.0094 -0.9859 -0.8932 -0.0046 0.4496 85.3533
0.4083 0.0094 0.9128 -0.9148 -0.0028 1.0000 -0.0091 -1.0013 -0.9128 0.0012 0.4083 85.4601
0.3683 0.0016 0.9297 -0.5462 0.0126 0.9999 -0.0067 -1.0058 -0.9296 0.0142 0.3683 85.5572
0.3337 -0.0024 0.9427 -0.1801 0.0164 0.9999 -0.0032 -1.0142 -0.9425 0.0165 0.3337 85.6424
0.3009 0.0017 0.9536 0.1944 0.0138 0.9999 -0.0061 -1.0229 -0.9536 0.0150 0.3009 85.7366
0.2697 0.0096 0.9629 0.5877 0.0035 0.9999 -0.0110 -1.0305 -0.9629 0.0063 0.2696 85.8567
0.2416 0.0143 0.9703 1.0066 -0.0022 0.9999 -0.0142 -1.0479 -0.9704 0.0013 0.2416 85.9533
0.2155 0.0163 0.9764 1.4187 -0.0004 0.9999 -0.0167 -1.0590 -0.9765 0.0032 0.2155 86.0300
0.1920 0.0179 0.9812 1.8385 0.0055 0.9998 -0.0193 -1.0742 -0.9814 0.0091 0.1919 86.0855
0.1719 0.0240 0.9848 2.2362 0.0138 0.9995 -0.0268 -1.0645 -0.9850 0.0182 0.1715 86.1218
0.1519 0.0309 0.9879 2.6775 0.0163 0.9993 -0.0337 -1.0620 -0.9883 0.0212 0.1513 86.1781
0.1331 0.0321 0.9906 3.1396 0.0145 0.9993 -0.0344 -1.0704 -0.9910 0.0189 0.1326 86.2491
0.1169 0.0274 0.9928 3.6195 0.0110 0.9995 -0.0289 -1.1033 -0.9931 0.0143 0.1166 86.3127
0.1033 0.0241 0.9944 4.1090 0.0117 0.9996 -0.0254 -1.1241 -0.9946 0.0142 0.1029 86.3469
0.0898 0.0223 0.9957 4.6133 0.0142 0.9996 -0.0237 -1.1340 -0.9959 0.0163 0.0894 86.3849
0.0789 0.0207 0.9967 5.1137 0.0176 0.9996 -0.0221 -1.1572 -0.9967 0.0193 0.0785 86.3948
0.0683 0.0211 0.9974 5.6527 0.0204 0.9995 -0.0225 -1.1740 -0.9975 0.0219 0.0678 86.4302
0.0607 0.0223 0.9979 6.2051 0.0224 0.9995 -0.0237 -1.1815 -0.9979 0.0238 0.0601 86.4514
0.0545 0.0222 0.9983 6.7910 0.0238 0.9994 -0.0235 -1.2069 -0.9982 0.0250 0.0540 86.4853
0.0489 0.0233 0.9985 7.3787 0.0250 0.9994 -0.0245 -1.2232 -0.9985 0.0262 0.0482 86.5036
0.0433 0.0241 0.9988 7.9912 0.0261 0.9993 -0.0253 -1.2383 -0.9987 0.0271 0.0427 86.5184
0.0391 0.0239 0.9989 8.6092 0.0289 0.9993 -0.0250 -1.2589 -0.9988 0.0298 0.0384 86.5400
0.0354 0.0244 0.9991 9.2914 0.0292 0.9992 -0.0254 -1.2724 -0.9990 0.0301 0.0347 86.5850
0.0320 0.0235 0.9992 9.9608 0.0302 0.9992 -0.0244 -1.2974 -0.9990 0.0309 0.0312 86.6114
0.0297 0.0229 0.9993 10.6475 0.0321 0.9992 -0.0239 -1.3167 -0.9990 0.0328 0.0289 86.6297
0.0294 0.0225 0.9993 11.3516 0.0363 0.9991 -0.0235 -1.3356 -0.9989 0.0370 0.0285 86.6302
0.0306 0.0222 0.9993 12.0446 0.0404 0.9989 -0.0234 -1.3587 -0.9987 0.0411 0.0297 86.6443
0.0331 0.0225 0.9992 12.7845 0.0415 0.9988 -0.0238 -1.3731 -0.9986 0.0423 0.0321 86.6702
0.0368 0.0226 0.9991 13.5212 0.0439 0.9987 -0.0242 -1.3894 -0.9984 0.0448 0.0358 86.6990
0.0409 0.0220 0.9989 14.2952 0.0444 0.9987 -0.0238 -1.4167 -0.9982 0.0453 0.0398 86.7437
0.0451 0.0201 0.9988 15.0951 0.0468 0.9987 -0.0222 -1.4473 -0.9979 0.0478 0.0441 86.7767
0.0494 0.0174 0.9986 16.1409 0.0463 0.9987 -0.0197 -1.4835 -0.9977 0.0472 0.0486 86.8227
0.0530 0.0159 0.9985 16.9649 0.0427 0.9989 -0.0181 -1.4922 -0.9977 0.0435 0.0523 86.8841
0.0574 0.0144 0.9982 17.8120 0.0421 0.9990 -0.0168 -1.5239 -0.9975 0.0429 0.0567 86.9338
0.0616 0.0150 0.9980 18.6702 0.0399 0.9990 -0.0175 -1.5471 -0.9973 0.0409 0.0609 86.9914
0.0641 0.0193 0.9978 19.5117 0.0374 0.9991 -0.0218 -1.5723 -0.9973 0.0387 0.0633 87.0627
0.0667 0.0245 0.9975 20.5108 0.0317 0.9991 -0.0267 -1.6112 -0.9973 0.0334 0.0659 87.0949
0.0664 0.0278 0.9974 21.3807 0.0284 0.9992 -0.0297 -1.6328 -0.9974 0.0303 0.0655 87.1596
0.0668 0.0275 0.9974 22.2551 0.0263 0.9992 -0.0293 -1.6610 -0.9974 0.0282 0.0660 87.2178
0.0667 0.0252 0.9975 23.1437 0.0229 0.9994 -0.0268 -1.7123 -0.9975 0.0246 0.0660 87.2872
0.0659 0.0240 0.9975 24.0323 0.0233 0.9994 -0.0255 -1.7493 -0.9976 0.0249 0.0653 87.3648
0.0670 0.0230 0.9975 24.8853 0.0212 0.9995 -0.0245 -1.7876 -0.9975 0.0228 0.0664 87.4004
0.0677 0.0236 0.9974 25.7709 0.0210 0.9995 -0.0251 -1.8099 -0.9975 0.0227 0.0672 87.4568
0.0679 0.0245 0.9974 26.6391 0.0176 0.9995 -0.0258 -1.8373 -0.9975 0.0193 0.0674 87.5154
0.0665 0.0260 0.9975 27.5124 0.0143 0.9995 -0.0270 -1.8770 -0.9977 0.0160 0.0661 87.5821
0.0637 0.0254 0.9976 28.3862 0.0114 0.9996 -0.0262 -1.9111 -0.9979 0.0130 0.0634 87.6448
0.0597 0.0240 0.9979 29.2684 0.0081 0.9997 -0.0245 -1.9441 -0.9982 0.0095 0.0595 87.7040
0.0554 0.0220 0.9982 30.1224 0.0066 0.9997 -0.0224 -1.9631 -0.9984 0.0078 0.0552 87.7349
0.0482 0.0200 0.9986 31.0004 0.0054 0.9998 -0.0203 -2.0031 -0.9988 0.0064 0.0481 87.8128
0.0404 0.0208 0.9990 31.8883 0.0042 0.9998 -0.0209 -2.0269 -0.9992 0.0050 0.0403 87.8550
0.0322 0.0215 0.9993 32.7248 0.0047 0.9998 -0.0216 -2.0586 -0.9995 0.0054 0.0321 87.8707
0.0229 0.0217 0.9995 33.5617 0.0042 0.9998 -0.0218 -2.0931 -0.9997 0.0047 0.0228 87.8679
0.0123 0.0212 0.9997 34.4036 0.0083 0.9997 -0.0213 -2.1186 -0.9999 0.0085 0.0121 87.9053
0.0012 0.0204 0.9998 35.1975 0.0072 0.9998 -0.0204 -2.1310 -1.0000 0.0072 0.0011 87.9265
-0.0102 0.0196 0.9998 36.0317 0.0078 0.9998 -0.0196 -2.1592 -0.9999 0.0076 -0.0104 87.9252
-0.0219 0.0199 0.9996 36.8716 0.0072 0.9998 -0.0197 -2.1813 -0.9997 0.0068 -0.0220 87.9244
-0.0334 0.0206 0.9992 37.6930 0.0077 0.9998 -0.0203 -2.2130 -0.9994 0.0071 -0.0335 87.9187
-0.0427 0.0220 0.9988 38.5286 0.0111 0.9997 -0.0216 -2.2276 -0.9990 0.0102 -0.0429 87.8527
-0.0543 0.0229 0.9983 39.3742 0.0105 0.9997 -0.0224 -2.2694 -0.9985 0.0093 -0.0545 87.8334
-0.0634 0.0237 0.9977 40.1812 0.0106 0.9997 -0.0231 -2.3015 -0.9979 0.0091 -0.0636 87.7727
-0.0739 0.0239 0.9970 40.9969 0.0110 0.9997 -0.0232 -2.3387 -0.9972 0.0092 -0.0742 87.7433
-0.0833 0.0245 0.9962 41.7989 0.0119 0.9997 -0.0236 -2.3631 -0.9965 0.0099 -0.0836 87.6742
-0.0915 0.0242 0.9955 42.5863 0.0132 0.9996 -0.0231 -2.3820 -0.9957 0.0110 -0.0918 87.5945
-0.0985 0.0233 0.9949 43.3819 0.0139 0.9997 -0.0220 -2.4017 -0.9950 0.0116 -0.0988 87.4862
-0.1041 0.0211 0.9943 44.2174 0.0179 0.9997 -0.0194 -2.4738 -0.9944 0.0157 -0.1044 87.4164
-0.1072 0.0203 0.9940 44.9686 0.0211 0.9996 -0.0181 -2.4785 -0.9940 0.0191 -0.1076 87.3164
-0.1105 0.0190 0.9937 45.7186 0.0220 0.9996 -0.0167 -2.5063 -0.9936 0.0200 -0.1109 87.2445
-0.1129 0.0175 0.9935 46.4304 0.0206 0.9997 -0.0152 -2.5461 -0.9934 0.0188 -0.1132 87.1819
-0.1135 0.0186 0.9934 47.1869 0.0224 0.9996 -0.0162 -2.5587 -0.9933 0.0204 -0.1138 87.1051
-0.1120 0.0190 0.9935 47.7317 0.0216 0.9996 -0.0167 -2.5888 -0.9935 0.0196 -0.1124 86.9762
-0.1091 0.0207 0.9938 48.3911 0.0229 0.9996 -0.0183 -2.6113 -0.9938 0.0208 -0.1095 86.9065
-0.1037 0.0213 0.9944 49.0356 0.0222 0.9996 -0.0191 -2.6267 -0.9944 0.0201 -0.1041 86.8361
-0.0953 0.0221 0.9952 49.6654 0.0226 0.9995 -0.0200 -2.6533 -0.9952 0.0206 -0.0958 86.7688
-0.0844 0.0222 0.9962 50.3099 0.0213 0.9996 -0.0205 -2.6753 -0.9962 0.0195 -0.0849 86.7304
-0.0708 0.0224 0.9972 50.8850 0.0201 0.9996 -0.0210 -2.7011 -0.9973 0.0185 -0.0712 86.7037
-0.0521 0.0238 0.9984 51.2690 0.0224 0.9995 -0.0226 -2.7194 -0.9984 0.0212 -0.0526 86.6591
-0.0308 0.0264 0.9992 51.8383 0.0204 0.9995 -0.0258 -2.7384 -0.9993 0.0196 -0.0313 86.6597
-0.0059 0.0291 0.9996 52.3574 0.0185 0.9994 -0.0290 -2.7663 -0.9998 0.0184 -0.0064 86.6665
0.0224 0.0311 0.9993 52.8859 0.0166 0.9994 -0.0314 -2.7810 -0.9996 0.0173 0.0218 86.6974
0.0557 0.0303 0.9980 53.4320 0.0141 0.9994 -0.0312 -2.8128 -0.9984 0.0158 0.0552 86.7377
0.0935 0.0270 0.9953 53.9120 0.0112 0.9995 -0.0282 -2.8467 -0.9956 0.0137 0.0931 86.8150
0.1360 0.0235 0.9904 54.4257 0.0096 0.9996 -0.0250 -2.8688 -0.9907 0.0129 0.1357 86.9022
0.1818 0.0194 0.9831 54.9290 0.0074 0.9997 -0.0211 -2.8843 -0.9833 0.0111 0.1816 87.0102
0.2299 0.0163 0.9731 55.4322 0.0028 0.9998 -0.0174 -2.9013 -0.9732 0.0067 0.2298 87.1701
0.2818 0.0141 0.9594 55.9276 -0.0021 0.9999 -0.0141 -2.9332 -0.9595 0.0020 0.2818 87.3428
0.3367 0.0139 0.9415 56.4112 -0.0018 0.9999 -0.0141 -2.9453 -0.9416 0.0031 0.3367 87.5538
0.3948 0.0137 0.9186 56.8646 0.0001 0.9999 -0.0150 -2.9675 -0.9187 0.0061 0.3948 87.7723
0.4541 0.0170 0.8908 57.3050 0.0008 0.9998 -0.0195 -2.9843 -0.8910 0.0095 0.4540 88.0417
0.5127 0.0175 0.8584 57.7240 0.0032 0.9997 -0.0223 -3.0274 -0.8586 0.0141 0.5125 88.3374
0.5700 0.0252 0.8213 58.0917 -0.0028 0.9996 -0.0287 -3.0037 -0.8216 0.0141 0.5698 88.5984
0.6245 0.0291 0.7805 58.4238 -0.0055 0.9994 -0.0328 -2.9972 -0.7810 0.0162 0.6243 88.9407
0.6771 0.0325 0.7352 58.7424 -0.0087 0.9993 -0.0361 -2.9933 -0.7358 0.0181 0.6769 89.2945
0.7249 0.0323 0.6881 59.0841 -0.0098 0.9993 -0.0365 -2.9931 -0.6887 0.0197 0.7247 89.7090
0.7696 0.0282 0.6379 59.3589 -0.0118 0.9995 -0.0300 -3.0184 -0.6385 0.0156 0.7695 90.1201
0.8104 0.0266 0.5853 59.5793 -0.0141 0.9996 -0.0259 -2.9932 -0.5858 0.0128 0.8104 90.5540
0.8465 0.0249 0.5319 59.8041 -0.0178 0.9997 -0.0185 -3.0095 -0.5322 0.0062 0.8466 91.0203
0.8774 0.0179 0.4795 60.0017 -0.0154 0.9998 -0.0093 -3.0416 -0.4796 0.0008 0.8775 91.4800
0.9022 0.0239 0.4307 60.1563 -0.0229 0.9997 -0.0076 -3.0126 -0.4308 -0.0030 0.9024 91.9660
0.9225 0.0238 0.3853 60.3140 -0.0247 0.9997 -0.0026 -3.0353 -0.3852 -0.0071 0.9228 92.4467
0.9385 0.0294 0.3440 60.4479 -0.0314 0.9995 0.0002 -3.0415 -0.3439 -0.0110 0.9390 92.9200
0.9501 0.0338 0.3102 60.5650 -0.0355 0.9994 0.0000 -3.0476 -0.3100 -0.0110 0.9507 93.4302
0.9587 0.0385 0.2818 60.6486 -0.0398 0.9992 -0.0012 -3.0343 -0.2816 -0.0100 0.9595 93.9060
0.9650 0.0310 0.2604 60.7591 -0.0319 0.9995 -0.0007 -3.0504 -0.2603 -0.0076 0.9655 94.3794
0.9686 0.0293 0.2468 60.8581 -0.0304 0.9995 0.0006 -3.0612 -0.2466 -0.0080 0.9691 94.8904
0.9727 0.0299 0.2303 61.0264 -0.0312 0.9995 0.0021 -3.0812 -0.2301 -0.0092 0.9731 95.4889
0.9745 0.0354 0.2215 61.1235 -0.0368 0.9993 0.0024 -3.0784 -0.2213 -0.0105 0.9752 96.0245
0.9752 0.0439 0.2170 61.2175 -0.0452 0.9990 0.0009 -3.0777 -0.2167 -0.0107 0.9762 96.5918
0.9752 0.0477 0.2159 61.3035 -0.0483 0.9988 -0.0024 -3.0768 -0.2158 -0.0081 0.9764 97.1931
0.9750 0.0503 0.2165 61.4126 -0.0505 0.9987 -0.0050 -3.0959 -0.2164 -0.0061 0.9763 97.7764
0.9742 0.0484 0.2204 61.5392 -0.0474 0.9988 -0.0097 -3.0882 -0.2206 -0.0010 0.9754 98.3773
0.9747 0.0424 0.2195 61.7316 -0.0405 0.9991 -0.0132 -3.1190 -0.2199 0.0039 0.9755 99.0603
0.9735 0.0424 0.2246 61.8676 -0.0391 0.9991 -0.0190 -3.1101 -0.2252 0.0098 0.9743 99.6983
0.9721 0.0473 0.2297 62.0080 -0.0441 0.9988 -0.0194 -3.1107 -0.2304 0.0088 0.9731 100.3556
0.9704 0.0506 0.2360 62.1535 -0.0483 0.9987 -0.0155 -3.1248 -0.2365 0.0036 0.9716 101.0085
0.9711 0.0448 0.2345 62.3608 -0.0439 0.9990 -0.0091 -3.1531 -0.2347 -0.0015 0.9721 101.6595
0.9702 0.0406 0.2387 62.5370 -0.0410 0.9992 -0.0035 -3.1631 -0.2386 -0.0064 0.9711 102.3535
0.9694 0.0381 0.2426 62.7193 -0.0395 0.9992 0.0010 -3.1737 -0.2423 -0.0106 0.9701 103.0538
0.9687 0.0335 0.2461 62.8937 -0.0349 0.9994 0.0012 -3.1712 -0.2460 -0.0098 0.9692 103.7496
0.9699 0.0300 0.2417 63.0697 -0.0308 0.9995 -0.0003 -3.1865 -0.2416 -0.0072 0.9704 104.4339
0.9701 0.0291 0.2412 63.2547 -0.0281 0.9996 -0.0075 -3.1917 -0.2413 0.0005 0.9705 105.1519
0.9701 0.0320 0.2408 63.4245 -0.0294 0.9995 -0.0143 -3.1982 -0.2411 0.0068 0.9705 105.8960
0.9706 0.0350 0.2380 63.5956 -0.0316 0.9993 -0.0181 -3.2082 -0.2385 0.0101 0.9711 106.6256
0.9715 0.0335 0.2349 63.7811 -0.0312 0.9994 -0.0133 -3.2191 -0.2352 0.0056 0.9719 107.4271
0.9719 0.0292 0.2334 63.9703 -0.0286 0.9996 -0.0058 -3.2308 -0.2335 -0.0010 0.9724 108.2062
0.9725 0.0298 0.2309 64.1586 -0.0306 0.9995 -0.0001 -3.2422 -0.2308 -0.0069 0.9730 109.0059
0.9727 0.0338 0.2294 64.3308 -0.0346 0.9994 -0.0005 -3.2592 -0.2293 -0.0074 0.9733 109.7914
0.9731 0.0391 0.2268 64.5063 -0.0389 0.9992 -0.0052 -3.2666 -0.2269 -0.0037 0.9739 110.6301
0.9740 0.0401 0.2228 64.6931 -0.0387 0.9992 -0.0107 -3.2733 -0.2230 0.0018 0.9748 111.4443
0.9749 0.0388 0.2191 64.8654 -0.0367 0.9992 -0.0137 -3.2813 -0.2195 0.0053 0.9756 112.2776
0.9758 0.0367 0.2154 65.0609 -0.0349 0.9993 -0.0121 -3.2935 -0.2157 0.0043 0.9765 113.1446
0.9768 0.0320 0.2119 65.2398 -0.0305 0.9995 -0.0101 -3.3136 -0.2121 0.0034 0.9772 113.9970
0.9771 0.0311 0.2104 65.4214 -0.0302 0.9995 -0.0074 -3.3267 -0.2105 0.0009 0.9776 114.8747
0.9775 0.0275 0.2091 65.6089 -0.0270 0.9996 -0.0054 -3.3364 -0.2092 -0.0004 0.9779 115.7581
0.9776 0.0235 0.2092 65.7904 -0.0231 0.9997 -0.0044 -3.3390 -0.2093 -0.0005 0.9779 116.6458
0.9777 0.0236 0.2087 65.9772 -0.0234 0.9997 -0.0033 -3.3371 -0.2087 -0.0017 0.9780 117.5447
0.9779 0.0276 0.2075 66.1936 -0.0273 0.9996 -0.0045 -3.3725 -0.2075 -0.0013 0.9782 118.4422
0.9776 0.0337 0.2080 66.3754 -0.0328 0.9994 -0.0077 -3.3850 -0.2081 0.0007 0.9781 119.3330
0.9770 0.0428 0.2089 66.5593 -0.0417 0.9991 -0.0095 -3.3889 -0.2091 0.0006 0.9779 120.2511
0.9761 0.0488 0.2119 66.7502 -0.0480 0.9988 -0.0091 -3.4062 -0.2121 -0.0013 0.9772 121.1716
0.9754 0.0515 0.2144 66.9606 -0.0511 0.9987 -0.0072 -3.4241 -0.2145 -0.0040 0.9767 122.0808
0.9750 0.0512 0.2162 67.1623 -0.0508 0.9987 -0.0071 -3.4498 -0.2163 -0.0041 0.9763 123.0537
0.9747 0.0492 0.2182 67.3710 -0.0481 0.9988 -0.0103 -3.4591 -0.2184 -0.0005 0.9759 123.9861
0.9747 0.0434 0.2193 67.6001 -0.0425 0.9991 -0.0088 -3.4837 -0.2195 -0.0008 0.9756 124.9263
0.9750 0.0364 0.2193 67.8236 -0.0349 0.9993 -0.0107 -3.4970 -0.2196 0.0027 0.9756 125.8680
0.9747 0.0363 0.2206 68.0387 -0.0348 0.9993 -0.0107 -3.5151 -0.2209 0.0027 0.9753 126.7721
0.9743 0.0385 0.2219 68.2595 -0.0377 0.9993 -0.0078 -3.5338 -0.2220 -0.0008 0.9750 127.6701
0.9739 0.0407 0.2235 68.4324 -0.0414 0.9991 -0.0015 -3.5499 -0.2234 -0.0077 0.9747 128.6951
0.9735 0.0436 0.2245 68.6383 -0.0453 0.9990 0.0025 -3.5680 -0.2241 -0.0126 0.9745 129.6189
0.9733 0.0433 0.2253 68.8550 -0.0436 0.9990 -0.0039 -3.5822 -0.2253 -0.0061 0.9743 130.5276
0.9737 0.0386 0.2245 69.0871 -0.0353 0.9992 -0.0187 -3.5975 -0.2251 0.0102 0.9743 131.4396
0.9739 0.0366 0.2239 69.2965 -0.0313 0.9991 -0.0273 -3.6244 -0.2247 0.0196 0.9742 132.3392
0.9744 0.0329 0.2224 69.5270 -0.0296 0.9994 -0.0180 -3.6535 -0.2229 0.0110 0.9748 133.2205
0.9749 0.0261 0.2212 69.7358 -0.0274 0.9996 0.0029 -3.6674 -0.2211 -0.0089 0.9752 134.1441
0.9752 0.0232 0.2202 69.9655 -0.0277 0.9995 0.0177 -3.6816 -0.2196 -0.0234 0.9753 135.0729
0.9752 0.0279 0.2194 70.1663 -0.0313 0.9994 0.0119 -3.6919 -0.2190 -0.0185 0.9756 135.9885
0.9754 0.0364 0.2176 70.3596 -0.0364 0.9993 -0.0040 -3.7012 -0.2176 -0.0040 0.9760 136.8789
0.9759 0.0353 0.2155 70.5799 -0.0335 0.9994 -0.0119 -3.7092 -0.2158 0.0044 0.9764 137.7697
0.9765 0.0319 0.2129 70.8052 -0.0299 0.9995 -0.0128 -3.7300 -0.2132 0.0061 0.9770 138.6756
0.9770 0.0325 0.2109 70.9869 -0.0308 0.9995 -0.0111 -3.7444 -0.2112 0.0044 0.9774 139.5800
0.9780 0.0304 0.2064 71.1881 -0.0284 0.9995 -0.0128 -3.7608 -0.2067 0.0067 0.9784 140.4640
0.9786 0.0319 0.2031 71.2424 -0.0296 0.9995 -0.0141 -3.7723 -0.2034 0.0078 0.9791 141.2597
0.9790 0.0373 0.2003 71.4128 -0.0353 0.9993 -0.0139 -3.8021 -0.2007 0.0065 0.9796 142.1547
0.9792 0.0437 0.1983 71.5794 -0.0417 0.9990 -0.0143 -3.8189 -0.1987 0.0057 0.9800 143.0493
0.9795 0.0450 0.1963 71.7488 -0.0434 0.9990 -0.0125 -3.8414 -0.1967 0.0037 0.9805 143.9188
0.9798 0.0418 0.1957 71.8991 -0.0411 0.9991 -0.0076 -3.8649 -0.1958 -0.0006 0.9806 144.8182
0.9801 0.0415 0.1939 72.0727 -0.0408 0.9991 -0.0076 -3.8841 -0.1940 -0.0005 0.9810 145.6856
0.9807 0.0381 0.1918 72.2067 -0.0367 0.9993 -0.0106 -3.9074 -0.1921 0.0034 0.9814 146.5313
0.9817 0.0331 0.1876 72.3119 -0.0310 0.9994 -0.0140 -3.9203 -0.1880 0.0079 0.9821 147.3182
0.9831 0.0302 0.1807 72.4871 -0.0280 0.9995 -0.0148 -3.9517 -0.1810 0.0095 0.9834 148.1766
0.9841 0.0289 0.1750 72.6052 -0.0277 0.9996 -0.0091 -3.9715 -0.1752 0.0041 0.9845 149.0339
0.9853 0.0261 0.1688 72.7510 -0.0263 0.9997 -0.0012 -3.9810 -0.1688 -0.0032 0.9856 149.9210
0.9860 0.0221 0.1652 72.8922 -0.0238 0.9997 0.0085 -4.0033 -0.1650 -0.0124 0.9862 150.8011
0.9864 0.0299 0.1614 73.0245 -0.0320 0.9994 0.0107 -3.9988 -0.1610 -0.0157 0.9868 151.6870
0.9872 0.0344 0.1560 73.1864 -0.0358 0.9993 0.0061 -3.9844 -0.1557 -0.0116 0.9877 152.4956
0.9882 0.0346 0.1492 73.2959 -0.0344 0.9994 -0.0034 -4.0053 -0.1492 -0.0018 0.9888 153.3483
0.9893 0.0316 0.1426 73.4201 -0.0306 0.9995 -0.0091 -4.0085 -0.1429 0.0046 0.9897 154.2155
0.9902 0.0303 0.1363 73.5294 -0.0294 0.9995 -0.0082 -4.0191 -0.1365 0.0041 0.9906 155.1036
0.9909 0.0370 0.1292 73.6121 -0.0367 0.9993 -0.0049 -4.0358 -0.1293 0.0001 0.9916 155.9828
0.9917 0.0430 0.1211 73.6989 -0.0425 0.9991 -0.0063 -4.0481 -0.1212 0.0011 0.9926 156.8693
0.9928 0.0460 0.1108 73.7939 -0.0450 0.9989 -0.0123 -4.0626 -0.1112 0.0073 0.9938 157.7709
0.9937 0.0448 0.1029 73.8717 -0.0435 0.9989 -0.0147 -4.0779 -0.1035 0.0102 0.9946 158.7009
0.9944 0.0458 0.0954 73.9407 -0.0450 0.9989 -0.0111 -4.0876 -0.0958 0.0067 0.9954 159.5401
0.9950 0.0484 0.0874 74.0121 -0.0482 0.9988 -0.0040 -4.1047 -0.0875 -0.0002 0.9962 160.4699
0.9955 0.0515 0.0799 74.0539 -0.0518 0.9987 0.0016 -4.1176 -0.0797 -0.0057 0.9968 161.3825
0.9961 0.0510 0.0723 74.1150 -0.0515 0.9987 0.0048 -4.1261 -0.0719 -0.0085 0.9974 162.3052
0.9964 0.0531 0.0665 74.1551 -0.0537 0.9985 0.0073 -4.1437 -0.0660 -0.0109 0.9978 163.1487
0.9964 0.0557 0.0632 74.1794 -0.0563 0.9984 0.0076 -4.1944 -0.0626 -0.0111 0.9980 163.9426
0.9963 0.0627 0.0590 74.2105 -0.0629 0.9980 0.0014 -4.1840 -0.0588 -0.0051 0.9983 164.7960
0.9966 0.0625 0.0530 74.2842 -0.0623 0.9980 -0.0052 -4.1946 -0.0532 0.0019 0.9986 165.7034
0.9967 0.0637 0.0502 74.3164 -0.0634 0.9980 -0.0081 -4.1893 -0.0506 0.0049 0.9987 166.5993
0.9968 0.0651 0.0473 74.3379 -0.0650 0.9979 -0.0020 -4.1968 -0.0474 -0.0011 0.9989 167.4821
0.9967 0.0673 0.0461 74.3526 -0.0678 0.9977 0.0086 -4.2050 -0.0454 -0.0117 0.9989 168.3453
0.9969 0.0673 0.0413 74.4266 -0.0680 0.9976 0.0161 -4.2141 -0.0401 -0.0189 0.9990 169.1543
0.9972 0.0652 0.0362 74.4628 -0.0657 0.9977 0.0137 -4.2328 -0.0352 -0.0160 0.9992 169.9999
0.9983 0.0499 0.0288 74.5247 -0.0500 0.9987 0.0031 -4.1915 -0.0286 -0.0045 0.9996 170.8381
0.9986 0.0490 0.0221 74.5438 -0.0490 0.9988 -0.0001 -4.2153 -0.0220 -0.0010 0.9998 171.6686
0.9985 0.0534 0.0148 74.5565 -0.0534 0.9986 0.0015 -4.2213 -0.0147 -0.0023 0.9999 172.5286
0.9986 0.0515 0.0083 74.5270 -0.0515 0.9986 0.0080 -4.2340 -0.0079 -0.0084 0.9999 173.4131
0.9989 0.0462 0.0006 74.5270 -0.0462 0.9989 0.0117 -4.2379 -0.0001 -0.0118 0.9999 174.2562
0.9993 0.0377 -0.0051 74.5376 -0.0376 0.9992 0.0161 -4.2364 0.0057 -0.0159 0.9999 175.1392
0.9993 0.0349 -0.0119 74.5509 -0.0347 0.9993 0.0165 -4.2463 0.0124 -0.0160 0.9998 176.0081
0.9994 0.0295 -0.0183 74.5303 -0.0293 0.9995 0.0092 -4.2196 0.0185 -0.0086 0.9998 176.8977
0.9994 0.0208 -0.0259 74.5121 -0.0208 0.9998 -0.0004 -4.2309 0.0259 0.0010 0.9997 177.7768
0.9994 0.0103 -0.0324 74.4944 -0.0104 0.9999 -0.0044 -4.2375 0.0324 0.0048 0.9995 178.6593
0.9991 0.0131 -0.0395 74.4712 -0.0130 0.9999 0.0033 -4.2392 0.0395 -0.0028 0.9992 179.5283
0.9988 0.0244 -0.0436 74.3904 -0.0237 0.9996 0.0159 -4.2410 0.0440 -0.0148 0.9989 180.4439
0.9984 0.0303 -0.0480 74.3381 -0.0292 0.9993 0.0235 -4.2332 0.0487 -0.0221 0.9986 181.3815
0.9983 0.0298 -0.0504 74.2495 -0.0289 0.9994 0.0201 -4.2257 0.0510 -0.0187 0.9985 182.2939
0.9981 0.0311 -0.0529 74.2047 -0.0306 0.9995 0.0099 -4.2320 0.0532 -0.0082 0.9986 183.1517
0.9975 0.0418 -0.0574 74.1629 -0.0418 0.9991 0.0011 -4.2363 0.0574 0.0013 0.9983 184.0129
0.9976 0.0393 -0.0575 74.0376 -0.0395 0.9992 -0.0030 -4.2502 0.0573 0.0052 0.9983 184.9525
0.9976 0.0350 -0.0593 73.9839 -0.0350 0.9994 0.0018 -4.2500 0.0593 0.0003 0.9982 185.8140
0.9976 0.0349 -0.0594 73.9289 -0.0343 0.9994 0.0108 -4.2590 0.0597 -0.0088 0.9982 186.7217
0.9976 0.0364 -0.0597 73.8826 -0.0355 0.9992 0.0160 -4.2535 0.0602 -0.0139 0.9981 187.6111
0.9975 0.0359 -0.0616 73.8210 -0.0350 0.9993 0.0149 -4.2459 0.0621 -0.0127 0.9980 188.5098
0.9974 0.0322 -0.0643 73.7745 -0.0319 0.9995 0.0054 -4.2580 0.0645 -0.0034 0.9979 189.4094
0.9976 0.0229 -0.0653 73.6996 -0.0233 0.9997 -0.0052 -4.2768 0.0651 0.0067 0.9979 190.3056
0.9976 0.0119 -0.0676 73.6544 -0.0126 0.9999 -0.0097 -4.2785 0.0675 0.0106 0.9977 191.1980
0.9975 0.0148 -0.0683 73.5862 -0.0152 0.9999 -0.0049 -4.2931 0.0683 0.0060 0.9976 192.1060
0.9973 0.0208 -0.0705 73.5355 -0.0205 0.9998 0.0051 -4.3054 0.0706 -0.0037 0.9975 193.0669
0.9972 0.0219 -0.0716 73.4593 -0.0213 0.9997 0.0087 -4.3199 0.0718 -0.0072 0.9974 193.9665
0.9971 0.0204 -0.0729 73.3966 -0.0201 0.9998 0.0050 -4.3278 0.0730 -0.0035 0.9973 194.8511
0.9972 0.0204 -0.0725 73.3205 -0.0206 0.9998 -0.0017 -4.3313 0.0725 0.0031 0.9974 195.7381
0.9969 0.0265 -0.0747 73.2711 -0.0267 0.9996 -0.0023 -4.3378 0.0746 0.0043 0.9972 196.6558
0.9968 0.0295 -0.0744 73.1920 -0.0295 0.9996 0.0007 -4.3501 0.0744 0.0015 0.9972 197.5609
0.9966 0.0327 -0.0757 73.1185 -0.0325 0.9995 0.0035 -4.3540 0.0758 -0.0010 0.9971 198.4434
0.9965 0.0373 -0.0742 73.0130 -0.0370 0.9993 0.0060 -4.3560 0.0743 -0.0033 0.9972 199.2964
0.9964 0.0394 -0.0749 72.9417 -0.0391 0.9992 0.0055 -4.3563 0.0751 -0.0026 0.9972 200.1567
0.9965 0.0381 -0.0748 72.8577 -0.0380 0.9993 0.0022 -4.3739 0.0748 0.0007 0.9972 201.0034
0.9963 0.0405 -0.0760 72.7774 -0.0409 0.9992 -0.0034 -4.3777 0.0758 0.0065 0.9971 201.8329
0.9962 0.0403 -0.0776 72.7264 -0.0406 0.9992 -0.0022 -4.3994 0.0774 0.0054 0.9970 202.6608
0.9960 0.0410 -0.0788 72.6439 -0.0406 0.9991 0.0070 -4.3968 0.0790 -0.0038 0.9969 203.5099
0.9960 0.0394 -0.0800 72.5723 -0.0382 0.9991 0.0161 -4.4059 0.0806 -0.0130 0.9967 204.3566
0.9962 0.0326 -0.0807 72.5067 -0.0313 0.9994 0.0175 -4.4071 0.0812 -0.0149 0.9966 205.1700
0.9963 0.0315 -0.0805 72.4152 -0.0307 0.9995 0.0112 -4.4245 0.0808 -0.0087 0.9967 205.9320
0.9961 0.0319 -0.0828 72.4095 -0.0315 0.9995 0.0058 -4.4032 0.0829 -0.0032 0.9965 206.7094
0.9962 0.0314 -0.0818 72.3419 -0.0316 0.9995 -0.0006 -4.4059 0.0817 0.0032 0.9966 207.4392
0.9963 0.0292 -0.0810 72.2629 -0.0296 0.9996 -0.0035 -4.4327 0.0809 0.0058 0.9967 208.1885
0.9965 0.0261 -0.0788 72.2293 -0.0268 0.9996 -0.0079 -4.4515 0.0785 0.0100 0.9969 208.8788
0.9970 0.0223 -0.0745 72.1778 -0.0230 0.9997 -0.0091 -4.4463 0.0742 0.0108 0.9972 209.5566
0.9974 0.0232 -0.0689 72.1163 -0.0236 0.9997 -0.0045 -4.4541 0.0688 0.0061 0.9976 210.2721
0.9976 0.0280 -0.0628 72.0763 -0.0278 0.9996 0.0044 -4.4616 0.0629 -0.0027 0.9980 210.9638
0.9978 0.0342 -0.0574 72.0403 -0.0337 0.9994 0.0087 -4.4730 0.0576 -0.0068 0.9983 211.6538
0.9980 0.0352 -0.0518 72.0125 -0.0349 0.9994 0.0065 -4.4700 0.0520 -0.0047 0.9986 212.3404
0.9984 0.0337 -0.0452 71.9902 -0.0338 0.9994 -0.0011 -4.4909 0.0451 0.0026 0.9990 213.0139
0.9987 0.0339 -0.0382 71.9726 -0.0343 0.9994 -0.0103 -4.4967 0.0378 0.0116 0.9992 213.6877
0.9989 0.0373 -0.0299 71.9086 -0.0377 0.9992 -0.0157 -4.5028 0.0293 0.0169 0.9994 214.3715
0.9991 0.0364 -0.0226 71.8974 -0.0368 0.9992 -0.0142 -4.5250 0.0221 0.0150 0.9996 215.0421
0.9993 0.0329 -0.0167 71.8937 -0.0330 0.9994 -0.0092 -4.5347 0.0164 0.0097 0.9998 215.7220
0.9996 0.0255 -0.0107 71.8995 -0.0256 0.9997 -0.0031 -4.5600 0.0106 0.0033 0.9999 216.3940
0.9998 0.0201 -0.0052 71.9074 -0.0201 0.9998 -0.0016 -4.5800 0.0052 0.0017 1.0000 217.0700
0.9998 0.0215 -0.0015 71.8815 -0.0215 0.9998 -0.0023 -4.5692 0.0015 0.0024 1.0000 218.0207
0.9997 0.0249 0.0000 71.8616 -0.0249 0.9997 -0.0005 -4.5836 -0.0000 0.0005 1.0000 218.7059
0.9997 0.0255 0.0001 71.8492 -0.0255 0.9997 0.0010 -4.5817 -0.0001 -0.0010 1.0000 219.3873
0.9997 0.0250 -0.0010 71.8532 -0.0250 0.9997 0.0039 -4.5894 0.0011 -0.0039 1.0000 220.0661
0.9996 0.0275 -0.0006 71.8701 -0.0275 0.9996 0.0065 -4.6017 0.0008 -0.0064 1.0000 220.6621
0.9994 0.0356 -0.0008 71.8523 -0.0356 0.9994 0.0016 -4.6106 0.0008 -0.0016 1.0000 221.3432
0.9992 0.0403 -0.0013 71.8246 -0.0403 0.9992 -0.0075 -4.6113 0.0010 0.0076 1.0000 222.0329
0.9993 0.0382 -0.0046 71.8291 -0.0383 0.9991 -0.0159 -4.6281 0.0039 0.0160 0.9999 222.7146
0.9995 0.0324 -0.0075 71.8179 -0.0325 0.9993 -0.0206 -4.6302 0.0068 0.0208 0.9998 223.4103
0.9993 0.0348 -0.0110 71.8236 -0.0350 0.9993 -0.0138 -4.6447 0.0105 0.0141 0.9998 224.0901
0.9990 0.0423 -0.0147 71.7976 -0.0424 0.9991 -0.0015 -4.6573 0.0147 0.0021 0.9999 224.8104
0.9991 0.0376 -0.0189 71.7836 -0.0373 0.9992 0.0126 -4.6632 0.0194 -0.0119 0.9997 225.5285
0.9993 0.0311 -0.0229 71.7735 -0.0306 0.9993 0.0223 -4.6709 0.0236 -0.0216 0.9995 226.2412
0.9992 0.0290 -0.0258 71.7490 -0.0285 0.9994 0.0203 -4.6664 0.0263 -0.0195 0.9995 226.9626
0.9991 0.0331 -0.0282 71.7270 -0.0327 0.9994 0.0149 -4.6705 0.0286 -0.0140 0.9995 227.5891
0.9990 0.0316 -0.0323 71.6922 -0.0314 0.9995 0.0057 -4.6574 0.0325 -0.0046 0.9995 228.3078
0.9991 0.0235 -0.0348 71.6803 -0.0235 0.9997 0.0007 -4.6498 0.0348 0.0001 0.9994 229.0317
0.9992 0.0155 -0.0356 71.6715 -0.0153 0.9999 0.0057 -4.6504 0.0356 -0.0052 0.9993 229.7497
0.9993 0.0091 -0.0374 71.6461 -0.0087 0.9999 0.0099 -4.6581 0.0374 -0.0095 0.9993 230.4762
0.9992 0.0054 -0.0395 71.6455 -0.0049 0.9999 0.0130 -4.6650 0.0395 -0.0128 0.9991 231.2327
0.9992 0.0033 -0.0407 71.6182 -0.0030 0.9999 0.0095 -4.6592 0.0407 -0.0094 0.9991 231.9629
0.9991 -0.0032 -0.0416 71.5975 0.0034 1.0000 0.0050 -4.6605 0.0416 -0.0051 0.9991 232.6781
0.9990 -0.0122 -0.0428 71.5793 0.0124 0.9999 0.0035 -4.6553 0.0428 -0.0040 0.9991 233.4000
0.9989 -0.0133 -0.0445 71.5534 0.0137 0.9999 0.0067 -4.6657 0.0444 -0.0073 0.9990 234.1444
0.9989 -0.0132 -0.0443 71.5125 0.0137 0.9998 0.0111 -4.6663 0.0441 -0.0117 0.9990 234.7913
0.9989 -0.0138 -0.0455 71.4879 0.0144 0.9998 0.0137 -4.6689 0.0453 -0.0143 0.9989 235.5143
0.9988 -0.0152 -0.0457 71.4475 0.0158 0.9998 0.0111 -4.6728 0.0455 -0.0118 0.9989 236.2383
0.9988 -0.0186 -0.0449 71.4078 0.0188 0.9998 0.0041 -4.6846 0.0448 -0.0049 0.9990 236.9188
0.9988 -0.0200 -0.0454 71.3814 0.0198 0.9998 -0.0058 -4.6814 0.0455 0.0049 0.9989 237.6366
0.9989 -0.0166 -0.0436 71.3448 0.0161 0.9998 -0.0107 -4.6946 0.0438 0.0100 0.9990 238.4589
0.9990 -0.0123 -0.0426 71.2977 0.0120 0.9999 -0.0092 -4.7192 0.0427 0.0087 0.9990 239.1311
0.9990 -0.0143 -0.0431 71.2754 0.0142 0.9999 -0.0029 -4.7324 0.0431 0.0023 0.9991 239.8260
0.9989 -0.0170 -0.0448 71.2727 0.0172 0.9998 0.0046 -4.7310 0.0447 -0.0053 0.9990 240.5216
0.9988 -0.0176 -0.0452 71.2500 0.0180 0.9998 0.0093 -4.7257 0.0450 -0.0101 0.9989 241.1639
0.9989 -0.0156 -0.0448 71.2213 0.0162 0.9998 0.0133 -4.7483 0.0446 -0.0141 0.9989 241.7556
0.9987 -0.0187 -0.0474 71.1869 0.0195 0.9997 0.0163 -4.7470 0.0471 -0.0172 0.9987 242.3864
0.9984 -0.0245 -0.0518 71.1520 0.0254 0.9996 0.0154 -4.7482 0.0514 -0.0166 0.9985 242.9761
0.9978 -0.0289 -0.0603 71.1297 0.0297 0.9995 0.0130 -4.7458 0.0599 -0.0148 0.9981 243.5579
0.9969 -0.0329 -0.0718 71.0982 0.0337 0.9994 0.0097 -4.7562 0.0714 -0.0121 0.9974 244.1227
0.9957 -0.0331 -0.0861 71.0550 0.0337 0.9994 0.0048 -4.7430 0.0859 -0.0077 0.9963 244.6589
0.9939 -0.0350 -0.1049 70.9903 0.0355 0.9994 0.0022 -4.7417 0.1047 -0.0059 0.9945 245.1737
0.9913 -0.0380 -0.1263 70.9095 0.0387 0.9992 0.0037 -4.7570 0.1260 -0.0086 0.9920 245.6261
0.9880 -0.0359 -0.1505 70.8057 0.0373 0.9993 0.0061 -4.7635 0.1501 -0.0117 0.9886 246.1272
0.9832 -0.0360 -0.1789 70.7075 0.0381 0.9992 0.0083 -4.7650 0.1785 -0.0149 0.9838 246.6252
0.9770 -0.0373 -0.2100 70.5712 0.0399 0.9992 0.0080 -4.7823 0.2095 -0.0162 0.9777 247.1013
0.9685 -0.0352 -0.2464 70.4368 0.0374 0.9993 0.0041 -4.7866 0.2461 -0.0132 0.9692 247.5853
0.9577 -0.0314 -0.2861 70.2748 0.0326 0.9995 -0.0004 -4.7949 0.2859 -0.0090 0.9582 248.0345
0.9441 -0.0278 -0.3285 70.0850 0.0282 0.9996 -0.0036 -4.8143 0.3285 -0.0059 0.9445 248.4949
0.9274 -0.0227 -0.3735 69.8871 0.0223 0.9997 -0.0054 -4.8103 0.3735 -0.0033 0.9276 248.9149
0.9077 -0.0131 -0.4194 69.6490 0.0111 0.9999 -0.0072 -4.8151 0.4195 0.0018 0.9078 249.3085
0.8848 0.0006 -0.4660 69.3776 -0.0042 1.0000 -0.0066 -4.8408 0.4660 0.0078 0.8847 249.6830
0.8570 0.0112 -0.5153 69.1258 -0.0166 0.9998 -0.0060 -4.8249 0.5151 0.0137 0.8570 250.0440
0.8259 0.0203 -0.5634 68.8268 -0.0267 0.9996 -0.0032 -4.8343 0.5631 0.0177 0.8262 250.3866
0.7910 0.0280 -0.6111 68.5163 -0.0340 0.9994 0.0018 -4.8501 0.6108 0.0193 0.7915 250.7168
0.7539 0.0342 -0.6561 68.1622 -0.0376 0.9993 0.0088 -4.8272 0.6559 0.0180 0.7546 251.0605
0.7140 0.0463 -0.6986 67.8361 -0.0422 0.9988 0.0230 -4.8298 0.6989 0.0131 0.7151 251.3467
0.6731 0.0581 -0.7373 67.4811 -0.0465 0.9983 0.0363 -4.8310 0.7381 0.0098 0.6746 251.5998
0.6289 0.0664 -0.7746 67.1082 -0.0504 0.9977 0.0446 -4.8092 0.7758 0.0110 0.6308 251.8794
0.5852 0.0700 -0.8078 66.7112 -0.0531 0.9974 0.0479 -4.7574 0.8091 0.0149 0.5875 252.0929
0.5397 0.0730 -0.8387 66.3207 -0.0550 0.9972 0.0515 -4.7250 0.8401 0.0183 0.5422 252.2661
0.4902 0.0705 -0.8688 65.9262 -0.0468 0.9974 0.0545 -4.7180 0.8703 0.0139 0.4922 252.4704
0.4388 0.0647 -0.8963 65.5426 -0.0372 0.9979 0.0538 -4.7140 0.8978 0.0097 0.4402 252.6237
0.3859 0.0568 -0.9208 65.1272 -0.0279 0.9984 0.0499 -4.6898 0.9221 0.0064 0.3869 252.7687
0.3334 0.0518 -0.9414 64.6761 -0.0222 0.9986 0.0471 -4.6844 0.9425 0.0052 0.3341 252.8783
0.2810 0.0491 -0.9584 64.2303 -0.0198 0.9988 0.0454 -4.6657 0.9595 0.0063 0.2816 252.9817
0.2319 0.0506 -0.9714 63.7634 -0.0195 0.9987 0.0473 -4.6605 0.9725 0.0080 0.2326 253.0451
0.1856 0.0518 -0.9813 63.2782 -0.0176 0.9986 0.0494 -4.6464 0.9825 0.0081 0.1862 253.0923
0.1428 0.0506 -0.9885 62.7121 -0.0151 0.9987 0.0489 -4.6197 0.9896 0.0079 0.1434 253.1447
0.1039 0.0495 -0.9934 62.2259 -0.0168 0.9987 0.0480 -4.5771 0.9944 0.0117 0.1046 253.1397
0.0686 0.0484 -0.9965 61.6988 -0.0159 0.9987 0.0475 -4.5582 0.9975 0.0126 0.0693 253.1431
0.0403 0.0459 -0.9981 61.1389 -0.0165 0.9988 0.0453 -4.5366 0.9991 0.0147 0.0410 253.1270
0.0136 0.0432 -0.9990 60.5195 -0.0181 0.9989 0.0429 -4.4851 0.9997 0.0175 0.0144 253.1521
-0.0085 0.0422 -0.9991 59.9421 -0.0189 0.9989 0.0424 -4.4668 0.9998 0.0193 -0.0077 253.1272
-0.0259 0.0403 -0.9989 59.2935 -0.0215 0.9989 0.0408 -4.4436 0.9994 0.0225 -0.0250 253.0516
-0.0417 0.0401 -0.9983 58.6962 -0.0238 0.9989 0.0411 -4.4409 0.9988 0.0255 -0.0407 253.0353
