1.0000 0.0000 0.0000 0.0000 0.0000 1.0000 0.0000 0.0000 0.0000 0.0000 1.0000 0.0000
1.0000 -0.0027 -0.0032 -0.0038 0.0026 1.0000 -0.0021 -0.0048 0.0032 0.0021 1.0000 0.6513
1.0000 -0.0011 -0.0070 -0.0197 0.0011 1.0000 -0.0037 -0.0079 0.0070 0.0037 1.0000 1.2641
0.9999 -0.0013 -0.0112 -0.0269 0.0013 1.0000 -0.0054 -0.0068 0.0112 0.0054 0.9999 1.8690
0.9999 -0.0000 -0.0161 -0.0416 -0.0001 1.0000 -0.0060 -0.0118 0.0161 0.0060 0.9999 2.4947
0.9998 -0.0009 -0.0195 -0.0635 0.0008 1.0000 -0.0054 -0.0276 0.0195 0.0054 0.9998 3.0902
0.9997 0.0010 -0.0235 -0.0884 -0.0012 1.0000 -0.0068 -0.0333 0.0235 0.0068 0.9997 3.7603
0.9996 0.0038 -0.0279 -0.1261 -0.0040 1.0000 -0.0074 -0.0403 0.0279 0.0075 0.9996 4.4809
0.9994 0.0040 -0.0331 -0.1535 -0.0042 1.0000 -0.0057 -0.0502 0.0330 0.0058 0.9994 5.2041
0.9993 0.0032 -0.0371 -0.1927 -0.0033 1.0000 -0.0028 -0.0622 0.0371 0.0029 0.9993 5.9496
0.9992 0.0028 -0.0407 -0.2272 -0.0028 1.0000 0.0000 -0.0724 0.0407 0.0001 0.9992 6.7132
0.9990 0.0040 -0.0439 -0.2506 -0.0040 1.0000 0.0000 -0.0887 0.0439 0.0002 0.9990 7.4810
0.9989 0.0036 -0.0461 -0.2894 -0.0037 1.0000 -0.0010 -0.0800 0.0461 0.0011 0.9989 8.2586
0.9989 0.0007 -0.0467 -0.3426 -0.0008 1.0000 -0.0015 -0.0877 0.0467 0.0015 0.9989 9.0402
0.9988 0.0000 -0.0493 -0.3666 -0.0000 1.0000 -0.0001 -0.0996 0.0493 0.0001 0.9988 9.8194
0.9987 -0.0014 -0.0507 -0.4092 0.0013 1.0000 -0.0010 -0.1002 0.0507 0.0009 0.9987 10.6315
0.9986 0.0012 -0.0525 -0.4561 -0.0013 1.0000 -0.0029 -0.1099 0.0525 0.0029 0.9986 11.4508
0.9986 0.0019 -0.0526 -0.5195 -0.0023 1.0000 -0.0063 -0.1119 0.0526 0.0064 0.9986 12.2531
0.9983 0.0053 -0.0578 -0.5388 -0.0057 1.0000 -0.0075 -0.1312 0.0578 0.0078 0.9983 13.1546
0.9983 0.0063 -0.0576 -0.6146 -0.0068 0.9999 -0.0077 -0.1396 0.0576 0.0081 0.9983 14.0065
0.9982 0.0056 -0.0590 -0.6677 -0.0060 1.0000 -0.0062 -0.1540 0.0590 0.0065 0.9982 14.8828
0.9982 0.0065 -0.0594 -0.7408 -0.0068 1.0000 -0.0042 -0.1685 0.0593 0.0046 0.9982 15.7444
0.9982 0.0061 -0.0600 -0.8012 -0.0065 1.0000 -0.0055 -0.1700 0.0600 0.0058 0.9982 16.6194
0.9979 0.0052 -0.0640 -0.8355 -0.0057 1.0000 -0.0064 -0.1806 0.0640 0.0067 0.9979 17.5378
0.9979 0.0040 -0.0654 -0.8920 -0.0045 1.0000 -0.0068 -0.1948 0.0654 0.0071 0.9978 18.4350
0.9978 0.0041 -0.0663 -0.9430 -0.0044 1.0000 -0.0050 -0.2114 0.0663 0.0053 0.9978 19.3277
0.9978 0.0048 -0.0668 -1.0039 -0.0049 1.0000 -0.0014 -0.2264 0.0667 0.0017 0.9978 20.2594
0.9978 0.0061 -0.0658 -1.0649 -0.0059 1.0000 0.0026 -0.2317 0.0658 -0.0022 0.9978 21.0898
0.9978 0.0044 -0.0662 -1.0950 -0.0041 1.0000 0.0052 -0.2288 0.0662 -0.0049 0.9978 22.0693
0.9979 0.0052 -0.0642 -1.1696 -0.0048 1.0000 0.0060 -0.2421 0.0642 -0.0057 0.9979 22.9940
0.9980 0.0047 -0.0630 -1.2309 -0.0045 1.0000 0.0036 -0.2546 0.0630 -0.0033 0.9980 23.9112
0.9981 0.0052 -0.0620 -1.2971 -0.0053 1.0000 -0.0014 -0.2544 0.0620 0.0018 0.9981 24.8269
0.9981 0.0048 -0.0609 -1.3671 -0.0051 1.0000 -0.0044 -0.2574 0.0609 0.0047 0.9981 25.7726
0.9983 0.0023 -0.0590 -1.4178 -0.0025 1.0000 -0.0041 -0.2633 0.0590 0.0042 0.9983 26.6532
0.9982 0.0012 -0.0594 -1.4739 -0.0012 1.0000 0.0007 -0.2756 0.0594 -0.0006 0.9982 27.6091
0.9982 -0.0021 -0.0598 -1.5406 0.0023 1.0000 0.0044 -0.2895 0.0598 -0.0045 0.9982 28.5607
0.9981 -0.0103 -0.0604 -1.5891 0.0106 0.9999 0.0043 -0.3027 0.0604 -0.0049 0.9982 29.5025
0.9981 -0.0116 -0.0611 -1.6866 0.0115 0.9999 -0.0020 -0.2522 0.0611 0.0013 0.9981 30.5453
0.9979 -0.0128 -0.0634 -1.6928 0.0126 0.9999 -0.0037 -0.3048 0.0634 0.0029 0.9980 31.4138
0.9978 -0.0110 -0.0657 -1.7546 0.0107 0.9999 -0.0051 -0.3051 0.0658 0.0044 0.9978 32.3971
0.9976 -0.0117 -0.0676 -1.8035 0.0115 0.9999 -0.0036 -0.3212 0.0676 0.0028 0.9977 33.3762
0.9976 -0.0081 -0.0691 -1.8511 0.0081 1.0000 -0.0010 -0.3305 0.0691 0.0004 0.9976 34.3683
0.9974 -0.0071 -0.0713 -1.8835 0.0071 1.0000 0.0002 -0.3506 0.0713 -0.0008 0.9975 35.3462
0.9974 -0.0060 -0.0714 -1.9748 0.0062 1.0000 0.0027 -0.3543 0.0714 -0.0031 0.9974 36.3207
0.9974 -0.0059 -0.0717 -2.0266 0.0063 1.0000 0.0059 -0.3708 0.0717 -0.0063 0.9974 37.3098
0.9976 -0.0007 -0.0686 -2.1727 0.0014 1.0000 0.0093 -0.3830 0.0686 -0.0094 0.9976 38.3722
0.9977 0.0002 -0.0680 -2.2533 0.0003 1.0000 0.0085 -0.3953 0.0680 -0.0085 0.9977 39.3337
0.9976 -0.0003 -0.0694 -2.3099 0.0008 1.0000 0.0066 -0.3848 0.0694 -0.0066 0.9976 40.3522
0.9976 0.0030 -0.0685 -2.3993 -0.0027 1.0000 0.0049 -0.4079 0.0685 -0.0047 0.9976 41.3212
0.9975 0.0033 -0.0707 -2.4507 -0.0030 1.0000 0.0042 -0.4088 0.0707 -0.0040 0.9975 42.3278
0.9975 0.0005 -0.0709 -2.5511 -0.0001 1.0000 0.0059 -0.4004 0.0709 -0.0059 0.9975 43.2873
0.9974 -0.0002 -0.0718 -2.6221 0.0007 1.0000 0.0071 -0.4000 0.0718 -0.0072 0.9974 44.2481
0.9974 0.0030 -0.0714 -2.7098 -0.0028 1.0000 0.0037 -0.4203 0.0714 -0.0035 0.9974 45.1994
0.9974 0.0033 -0.0724 -2.7891 -0.0034 1.0000 -0.0006 -0.4236 0.0724 0.0008 0.9974 46.1686
0.9973 0.0034 -0.0739 -2.8333 -0.0036 1.0000 -0.0019 -0.4260 0.0739 0.0022 0.9973 47.1553
0.9973 0.0035 -0.0739 -2.8992 -0.0034 1.0000 0.0019 -0.4516 0.0739 -0.0016 0.9973 48.1116
0.9973 0.0013 -0.0739 -2.9708 -0.0009 1.0000 0.0054 -0.4670 0.0739 -0.0053 0.9973 49.0564
0.9972 -0.0010 -0.0742 -3.0411 0.0014 1.0000 0.0059 -0.4709 0.0742 -0.0060 0.9972 50.0344
0.9973 -0.0029 -0.0734 -3.1201 0.0033 1.0000 0.0045 -0.4790 0.0734 -0.0047 0.9973 50.9644
0.9972 -0.0057 -0.0750 -3.1795 0.0059 1.0000 0.0024 -0.4902 0.0750 -0.0028 0.9972 51.8655
0.9971 -0.0070 -0.0760 -3.2504 0.0073 1.0000 0.0034 -0.4972 0.0760 -0.0040 0.9971 52.8013
0.9970 -0.0100 -0.0767 -3.3236 0.0106 0.9999 0.0077 -0.5044 0.0766 -0.0085 0.9970 53.7337
0.9970 -0.0110 -0.0767 -3.4051 0.0121 0.9998 0.0130 -0.5152 0.0765 -0.0139 0.9970 54.6627
0.9969 -0.0097 -0.0777 -3.4937 0.0109 0.9998 0.0149 -0.5094 0.0776 -0.0157 0.9969 55.7002
0.9968 -0.0086 -0.0800 -3.5587 0.0095 0.9999 0.0108 -0.5109 0.0799 -0.0115 0.9967 56.6226
0.9967 -0.0061 -0.0810 -3.6451 0.0063 1.0000 0.0028 -0.5176 0.0810 -0.0033 0.9967 57.5260
0.9966 -0.0053 -0.0819 -3.7257 0.0052 1.0000 -0.0019 -0.5244 0.0819 0.0015 0.9966 58.4403
0.9965 -0.0006 -0.0831 -3.7995 0.0005 1.0000 -0.0014 -0.5237 0.0831 0.0014 0.9965 59.3259
0.9965 0.0023 -0.0832 -3.8868 -0.0022 1.0000 0.0013 -0.5371 0.0832 -0.0011 0.9965 60.1518
0.9965 0.0048 -0.0839 -3.9735 -0.0046 1.0000 0.0029 -0.5511 0.0839 -0.0025 0.9965 61.0085
0.9964 0.0050 -0.0852 -4.0515 -0.0048 1.0000 0.0029 -0.5648 0.0852 -0.0025 0.9964 61.8726
0.9962 0.0069 -0.0866 -4.1327 -0.0067 1.0000 0.0036 -0.5765 0.0866 -0.0030 0.9962 62.7035
0.9961 0.0073 -0.0882 -4.2155 -0.0070 1.0000 0.0034 -0.5677 0.0882 -0.0028 0.9961 63.6074
0.9958 0.0057 -0.0909 -4.2637 -0.0053 1.0000 0.0049 -0.5974 0.0910 -0.0044 0.9958 64.4275
0.9957 0.0065 -0.0919 -4.3430 -0.0060 1.0000 0.0063 -0.6121 0.0919 -0.0057 0.9958 65.2138
0.9955 0.0090 -0.0938 -4.4144 -0.0083 0.9999 0.0086 -0.6133 0.0939 -0.0078 0.9956 66.0164
0.9954 0.0104 -0.0948 -4.5039 -0.0092 0.9999 0.0131 -0.6261 0.0949 -0.0122 0.9954 66.8004
0.9952 0.0134 -0.0967 -4.5577 -0.0120 0.9998 0.0150 -0.6292 0.0969 -0.0138 0.9952 67.5063
0.9951 0.0167 -0.0977 -4.6430 -0.0157 0.9998 0.0110 -0.6394 0.0979 -0.0094 0.9952 68.2451
0.9949 0.0168 -0.0995 -4.7054 -0.0165 0.9999 0.0034 -0.6391 0.0995 -0.0017 0.9950 68.9494
0.9948 0.0161 -0.1006 -4.7887 -0.0165 0.9999 -0.0027 -0.6402 0.1005 0.0044 0.9949 69.6418
0.9947 0.0170 -0.1015 -4.8450 -0.0174 0.9998 -0.0029 -0.6726 0.1015 0.0047 0.9948 70.3235
0.9946 0.0198 -0.1017 -4.9257 -0.0199 0.9998 0.0005 -0.6737 0.1017 0.0015 0.9948 70.9635
0.9945 0.0199 -0.1030 -5.0031 -0.0197 0.9998 0.0029 -0.6926 0.1030 -0.0009 0.9947 71.6078
0.9944 0.0164 -0.1039 -5.0663 -0.0164 0.9999 0.0004 -0.7158 0.1039 0.0014 0.9946 72.2134
0.9945 0.0083 -0.1046 -5.1023 -0.0090 0.9999 -0.0061 -0.7021 0.1045 0.0071 0.9945 72.8496
0.9947 0.0045 -0.1025 -5.1799 -0.0056 0.9999 -0.0107 -0.7190 0.1025 0.0112 0.9947 73.4320
0.9950 0.0067 -0.1000 -5.2222 -0.0078 0.9999 -0.0103 -0.7443 0.1000 0.0110 0.9949 73.9985
0.9953 0.0117 -0.0963 -5.2776 -0.0124 0.9999 -0.0076 -0.7523 0.0962 0.0087 0.9953 74.5509
0.9958 0.0104 -0.0905 -5.3549 -0.0109 0.9999 -0.0048 -0.7529 0.0905 0.0058 0.9959 75.0579
0.9964 0.0069 -0.0850 -5.3847 -0.0070 1.0000 -0.0004 -0.7691 0.0850 0.0010 0.9964 75.5962
0.9971 0.0023 -0.0766 -5.4156 -0.0021 1.0000 0.0031 -0.7832 0.0767 -0.0029 0.9971 76.1148
0.9978 0.0061 -0.0659 -5.4466 -0.0059 1.0000 0.0027 -0.7853 0.0659 -0.0023 0.9978 76.6202
0.9986 0.0114 -0.0508 -5.4741 -0.0113 0.9999 0.0025 -0.7994 0.0508 -0.0019 0.9987 77.1204
0.9994 0.0166 -0.0307 -5.5050 -0.0165 0.9999 0.0034 -0.8022 0.0308 -0.0029 0.9995 77.5335
0.9998 0.0150 -0.0087 -5.4903 -0.0150 0.9999 0.0038 -0.8038 0.0088 -0.0037 1.0000 78.0066
0.9998 0.0115 0.0179 -5.4671 -0.0116 0.9999 0.0049 -0.8125 -0.0178 -0.0052 0.9998 78.4636
0.9988 0.0107 0.0475 -5.4285 -0.0110 0.9999 0.0064 -0.8189 -0.0474 -0.0069 0.9989 78.9026
0.9967 0.0102 0.0805 -5.3728 -0.0108 0.9999 0.0071 -0.8192 -0.0804 -0.0080 0.9967 79.3304
0.9930 0.0096 0.1173 -5.2914 -0.0106 0.9999 0.0081 -0.8348 -0.1172 -0.0093 0.9931 79.7439
0.9873 0.0101 0.1585 -5.2015 -0.0115 0.9999 0.0076 -0.8315 -0.1584 -0.0093 0.9873 80.1481
0.9789 0.0092 0.2044 -5.0975 -0.0110 0.9999 0.0081 -0.8485 -0.2043 -0.0102 0.9789 80.5593
0.9676 0.0116 0.2523 -4.9595 -0.0137 0.9999 0.0063 -0.8571 -0.2522 -0.0096 0.9676 80.9350
0.9522 0.0129 0.3053 -4.8134 -0.0147 0.9999 0.0034 -0.8640 -0.3052 -0.0078 0.9523 81.3334
0.9327 0.0131 0.3603 -4.6446 -0.0146 0.9999 0.0015 -0.8725 -0.3603 -0.0067 0.9328 81.6667
0.9086 0.0134 0.4174 -4.4488 -0.0147 0.9999 -0.0001 -0.8797 -0.4173 -0.0060 0.9087 82.0080
0.8797 0.0139 0.4754 -4.2371 -0.0144 0.9999 -0.0024 -0.8825 -0.4754 -0.0048 0.8798 82.3280
0.8460 0.0116 0.5331 -4.0094 -0.0114 0.9999 -0.0037 -0.8997 -0.5331 -0.0030 0.8460 82.6265
0.8088 0.0124 0.5880 -3.7447 -0.0111 0.9999 -0.0059 -0.9010 -0.5880 -0.0017 0.8089 82.9053
0.7683 0.0115 0.6400 -3.4775 -0.0106 0.9999 -0.0053 -0.9086 -0.6400 -0.0027 0.7684 83.1821
0.7258 0.0110 0.6878 -3.1866 -0.0125 0.9999 -0.0027 -0.9225 -0.6878 -0.0066 0.7259 83.4285
0.6805 0.0099 0.7327 -2.8882 -0.0117 0.9999 -0.0026 -0.9274 -0.7327 -0.0068 0.6805 83.6518
0.6352 0.0083 0.7723 -2.5470 -0.0078 1.0000 -0.0044 -0.9329 -0.7723 -0.0032 0.6352 83.8415
0.5880 0.0061 0.8089 -2.2151 -0.0031 1.0000 -0.0053 -0.9459 -0.8089 0.0006 0.5880 84.0305
0.5425 0.0082 0.8400 -1.8734 -0.0052 1.0000 -0.0064 -0.9545 -0.8400 -0.0009 0.5425 84.1877
0.4953 0.0107 0.8687 -1.5328 -0.0089 0.9999 -0.0073 -0.9685 -0.8687 -0.0041 0.4954 84.3466
0.4495 0.0129 0.8932 -1.1888 -0.0099 0.9999 -0.0094 -0.9794 -0.8932 -0.0046 0.4496 84.4916
0.4083 0.0094 0.9128 -0.8103 -0.0028 1.0000 -0.0091 -0.9951 -0.9128 0.0012 0.4083 84.6000
0.3683 0.0016 0.9297 -0.4374 0.0126 0.9999 -0.0067 -0.9995 -0.9296 0.0142 0.3683 84.6983
0.3337 -0.0024 0.9427 -0.0676 0.0164 0.9999 -0.0032 -1.0080 -0.9425 0.0165 0.3337 84.7844
0.3009 0.0017 0.9536 0.3106 0.0138 0.9999 -0.0061 -1.0169 -0.9536 0.0150 0.3009 84.8795
0.2697 0.0096 0.9629 0.7078 0.0035 0.9999 -0.0110 -1.0245 -0.9629 0.0063 0.2696 85.0007
0.2416 0.0143 0.9703 1.1302 -0.0022 0.9999 -0.0142 -1.0421 -0.9704 0.0013 0.2416 85.0982
0.2155 0.0163 0.9764 1.5457 -0.0004 0.9999 -0.0167 -1.0533 -0.9765 0.0032 0.2155 85.1755
0.1920 0.0179 0.9812 1.9689 0.0055 0.9998 -0.0193 -1.0686 -0.9814 0.0091 0.1919 85.2314
0.1719 0.0240 0.9848 2.3700 0.0138 0.9995 -0.0268 -1.0589 -0.9850 0.0182 0.1715 85.2681
0.1519 0.0309 0.9879 2.8149 0.0163 0.9993 -0.0337 -1.0562 -0.9883 0.0212 0.1513 85.3249
0.1331 0.0321 0.9906 3.2813 0.0145 0.9993 -0.0344 -1.0647 -0.9910 0.0189 0.1326 85.3965
0.1169 0.0274 0.9928 3.7652 0.0110 0.9995 -0.0289 -1.0979 -0.9931 0.0143 0.1166 85.4607
0.1033 0.0241 0.9944 4.2588 0.0117 0.9996 -0.0254 -1.1189 -0.9946 0.0142 0.1029 85.4951
0.0898 0.0223 0.9957 4.7672 0.0142 0.9996 -0.0237 -1.1289 -0.9959 0.0163 0.0894 85.5334
0.0789 0.0207 0.9967 5.2712 0.0176 0.9996 -0.0221 -1.1522 -0.9967 0.0193 0.0785 85.5434
0.0683 0.0211 0.9974 5.8140 0.0204 0.9995 -0.0225 -1.1691 -0.9975 0.0219 0.0678 85.5791
0.0607 0.0223 0.9979 6.3689 0.0224 0.9995 -0.0237 -1.1767 -0.9979 0.0238 0.0601 85.6004
0.0545 0.0222 0.9983 6.9551 0.0238 0.9994 -0.0235 -1.2021 -0.9982 0.0250 0.0540 85.6343
0.0489 0.0233 0.9985 7.5406 0.0250 0.9994 -0.0245 -1.2184 -0.9985 0.0262 0.0482 85.6525
0.0433 0.0241 0.9988 8.1493 0.0261 0.9993 -0.0253 -1.2334 -0.9987 0.0271 0.0427 85.6672
0.0391 0.0239 0.9989 8.7634 0.0289 0.9993 -0.0250 -1.2539 -0.9988 0.0298 0.0384 85.6886
0.0354 0.0244 0.9991 9.4413 0.0292 0.9992 -0.0254 -1.2672 -0.9990 0.0301 0.0347 85.7334
0.0320 0.0235 0.9992 10.1058 0.0302 0.9992 -0.0244 -1.2921 -0.9990 0.0309 0.0312 85.7596
0.0297 0.0229 0.9993 10.7872 0.0321 0.9992 -0.0239 -1.3112 -0.9990 0.0328 0.0289 85.7777
0.0294 0.0225 0.9993 11.4840 0.0363 0.9991 -0.0235 -1.3299 -0.9989 0.0370 0.0285 85.7783
0.0306 0.0222 0.9993 12.1697 0.0404 0.9989 -0.0234 -1.3528 -0.9987 0.0411 0.0297 85.7922
0.0331 0.0225 0.9992 12.9018 0.0415 0.9988 -0.0238 -1.3671 -0.9986 0.0423 0.0321 85.8179
0.0368 0.0226 0.9991 13.6283 0.0439 0.9987 -0.0242 -1.3831 -0.9984 0.0448 0.0358 85.8462
0.0409 0.0220 0.9989 14.3915 0.0444 0.9987 -0.0238 -1.4100 -0.9982 0.0453 0.0398 85.8903
0.0451 0.0201 0.9988 15.1803 0.0468 0.9987 -0.0222 -1.4402 -0.9979 0.0478 0.0441 85.9229
0.0494 0.0174 0.9986 16.2115 0.0463 0.9987 -0.0197 -1.4759 -0.9977 0.0472 0.0486 85.9682
0.0530 0.0159 0.9985 17.0241 0.0427 0.9989 -0.0181 -1.4845 -0.9977 0.0435 0.0523 86.0288
0.0574 0.0144 0.9982 17.8564 0.0421 0.9990 -0.0168 -1.5156 -0.9975 0.0429 0.0567 86.0776
0.0616 0.0150 0.9980 18.6972 0.0399 0.9990 -0.0175 -1.5383 -0.9973 0.0409 0.0609 86.1340
0.0641 0.0193 0.9978 19.5185 0.0374 0.9991 -0.0218 -1.5630 -0.9973 0.0387 0.0633 86.2036
0.0667 0.0245 0.9975 20.4918 0.0317 0.9991 -0.0267 -1.6008 -0.9973 0.0334 0.0659 86.2350
0.0664 0.0278 0.9974 21.3393 0.0284 0.9992 -0.0297 -1.6218 -0.9974 0.0303 0.0655 86.2980
0.0668 0.0275 0.9974 22.1896 0.0263 0.9992 -0.0293 -1.6493 -0.9974 0.0282 0.0660 86.3546
0.0667 0.0252 0.9975 23.0517 0.0229 0.9994 -0.0268 -1.6991 -0.9975 0.0246 0.0660 86.4219
0.0659 0.0240 0.9975 23.9133 0.0233 0.9994 -0.0255 -1.7349 -0.9976 0.0249 0.0653 86.4972
0.0670 0.0230 0.9975 24.7398 0.0212 0.9995 -0.0245 -1.7721 -0.9975 0.0228 0.0664 86.5317
0.0677 0.0236 0.9974 25.5970 0.0210 0.9995 -0.0251 -1.7937 -0.9975 0.0227 0.0672 86.5863
0.0679 0.0245 0.9974 26.4374 0.0176 0.9995 -0.0258 -1.8201 -0.9975 0.0193 0.0674 86.6430
0.0665 0.0260 0.9975 27.2836 0.0143 0.9995 -0.0270 -1.8587 -0.9977 0.0160 0.0661 86.7077
0.0637 0.0254 0.9976 28.1303 0.0114 0.9996 -0.0262 -1.8917 -0.9979 0.0130 0.0634 86.7684
0.0597 0.0240 0.9979 28.9842 0.0081 0.9997 -0.0245 -1.9236 -0.9982 0.0095 0.0595 86.8257
0.0554 0.0220 0.9982 29.8117 0.0066 0.9997 -0.0224 -1.9420 -0.9984 0.0078 0.0552 86.8556
0.0482 0.0200 0.9986 30.6631 0.0054 0.9998 -0.0203 -1.9808 -0.9988 0.0064 0.0481 86.9312
0.0404 0.0208 0.9990 31.5245 0.0042 0.9998 -0.0209 -2.0039 -0.9992 0.0050 0.0403 86.9721
0.0322 0.0215 0.9993 32.3360 0.0047 0.9998 -0.0216 -2.0346 -0.9995 0.0054 0.0321 86.9873
0.0229 0.0217 0.9995 33.1480 0.0042 0.9998 -0.0218 -2.0681 -0.9997 0.0047 0.0228 86.9846
0.0123 0.0212 0.9997 33.9643 0.0083 0.9997 -0.0213 -2.0929 -0.9999 0.0085 0.0121 87.0209
0.0012 0.0204 0.9998 34.7336 0.0072 0.9998 -0.0204 -2.1049 -1.0000 0.0072 0.0011 87.0414
-0.0102 0.0196 0.9998 35.5411 0.0078 0.9998 -0.0196 -2.1321 -0.9999 0.0076 -0.0104 87.0402
-0.0219 0.0199 0.9996 36.3524 0.0072 0.9998 -0.0197 -2.1535 -0.9997 0.0068 -0.0220 87.0394
-0.0334 0.0206 0.9992 37.1442 0.0077 0.9998 -0.0203 -2.1840 -0.9994 0.0071 -0.0335 87.0339
-0.0427 0.0220 0.9988 37.9478 0.0111 0.9997 -0.0216 -2.1981 -0.9990 0.0102 -0.0429 86.9704
-0.0543 0.0229 0.9983 38.7610 0.0105 0.9997 -0.0224 -2.2383 -0.9985 0.0093 -0.0545 86.9519
-0.0634 0.0237 0.9977 39.5347 0.0106 0.9997 -0.0231 -2.2691 -0.9979 0.0091 -0.0636 86.8937
-0.0739 0.0239 0.9970 40.3166 0.0110 0.9997 -0.0232 -2.3047 -0.9972 0.0092 -0.0742 86.8655
-0.0833 0.0245 0.9962 41.0834 0.0119 0.9997 -0.0236 -2.3281 -0.9965 0.0099 -0.0836 86.7995
-0.0915 0.0242 0.9955 41.8339 0.0132 0.9996 -0.0231 -2.3461 -0.9957 0.0110 -0.0918 86.7234
-0.0985 0.0233 0.9949 42.5908 0.0139 0.9997 -0.0220 -2.3648 -0.9950 0.0116 -0.0988 86.6204
-0.1041 0.0211 0.9943 43.3857 0.0179 0.9997 -0.0194 -2.4334 -0.9944 0.0157 -0.1044 86.5540
-0.1072 0.0203 0.9940 44.0989 0.0211 0.9996 -0.0181 -2.4379 -0.9940 0.0191 -0.1076 86.4590
-0.1105 0.0190 0.9937 44.8089 0.0220 0.9996 -0.0167 -2.4642 -0.9936 0.0200 -0.1109 86.3909
-0.1129 0.0175 0.9935 45.4828 0.0206 0.9997 -0.0152 -2.5019 -0.9934 0.0188 -0.1132 86.3317
-0.1135 0.0186 0.9934 46.1983 0.0224 0.9996 -0.0162 -2.5138 -0.9933 0.0204 -0.1138 86.2591
-0.1120 0.0190 0.9935 46.7129 0.0216 0.9996 -0.0167 -2.5423 -0.9935 0.0196 -0.1124 86.1373
-0.1091 0.0207 0.9938 47.3350 0.0229 0.9996 -0.0183 -2.5634 -0.9938 0.0208 -0.1095 86.0716
-0.1037 0.0213 0.9944 47.9424 0.0222 0.9996 -0.0191 -2.5780 -0.9944 0.0201 -0.1041 86.0052
-0.0953 0.0221 0.9952 48.5330 0.0226 0.9995 -0.0200 -2.6029 -0.9952 0.0206 -0.0958 85.9421
-0.0844 0.0222 0.9962 49.1338 0.0213 0.9996 -0.0205 -2.6234 -0.9962 0.0195 -0.0849 85.9063
-0.0708 0.0224 0.9972 49.6673 0.0201 0.9996 -0.0210 -2.6473 -0.9973 0.0185 -0.0712 85.8815
-0.0521 0.0238 0.9984 50.0225 0.0224 0.9995 -0.0226 -2.6643 -0.9984 0.0212 -0.0526 85.8403
-0.0308 0.0264 0.9992 50.5427 0.0204 0.9995 -0.0258 -2.6817 -0.9993 0.0196 -0.0313 85.8408
-0.0059 0.0291 0.9996 51.0167 0.0185 0.9994 -0.0290 -2.7071 -0.9998 0.0184 -0.0064 85.8470
0.0224 0.0311 0.9993 51.4961 0.0166 0.9994 -0.0314 -2.7205 -0.9996 0.0173 0.0218 85.8751
0.0557 0.0303 0.9980 51.9904 0.0141 0.9994 -0.0312 -2.7493 -0.9984 0.0158 0.0552 85.9115
0.0935 0.0270 0.9953 52.4248 0.0112 0.9995 -0.0282 -2.7799 -0.9956 0.0137 0.0931 85.9815
0.1360 0.0235 0.9904 52.8883 0.0096 0.9996 -0.0250 -2.7999 -0.9907 0.0129 0.1357 86.0602
0.1818 0.0194 0.9831 53.3423 0.0074 0.9997 -0.0211 -2.8139 -0.9833 0.0111 0.1816 86.1576
0.2299 0.0163 0.9731 53.7948 0.0028 0.9998 -0.0174 -2.8291 -0.9732 0.0067 0.2298 86.3014
0.2818 0.0141 0.9594 54.2395 -0.0021 0.9999 -0.0141 -2.8578 -0.9595 0.0020 0.2818 86.4564
0.3367 0.0139 0.9415 54.6735 -0.0018 0.9999 -0.0141 -2.8686 -0.9416 0.0031 0.3367 86.6458
0.3948 0.0137 0.9186 55.0798 0.0001 0.9999 -0.0150 -2.8886 -0.9187 0.0061 0.3948 86.8416
0.4541 0.0170 0.8908 55.4740 0.0008 0.9998 -0.0195 -2.9036 -0.8910 0.0095 0.4540 87.0827
0.5127 0.0175 0.8584 55.8478 0.0032 0.9997 -0.0223 -2.9420 -0.8586 0.0141 0.5125 87.3465
0.5700 0.0252 0.8213 56.1746 -0.0028 0.9996 -0.0287 -2.9209 -0.8216 0.0141 0.5698 87.5785
0.6245 0.0291 0.7805 56.4698 -0.0055 0.9994 -0.0328 -2.9152 -0.7810 0.0162 0.6243 87.8828
0.6771 0.0325 0.7352 56.7530 -0.0087 0.9993 -0.0361 -2.9117 -0.7358 0.0181 0.6769 88.1972
0.7249 0.0323 0.6881 57.0567 -0.0098 0.9993 -0.0365 -2.9115 -0.6887 0.0197 0.7247 88.5657
0.7696 0.0282 0.6379 57.3027 -0.0118 0.9995 -0.0300 -2.9342 -0.6385 0.0156 0.7695 88.9337
0.8104 0.0266 0.5853 57.5002 -0.0141 0.9996 -0.0259 -2.9115 -0.5858 0.0128 0.8104 89.3225
0.8465 0.0249 0.5319 57.7017 -0.0178 0.9997 -0.0185 -2.9262 -0.5322 0.0062 0.8466 89.7404
0.8774 0.0179 0.4795 57.8788 -0.0154 0.9998 -0.0093 -2.9550 -0.4796 0.0008 0.8775 90.1524
0.9022 0.0239 0.4307 58.0172 -0.0229 0.9997 -0.0076 -2.9290 -0.4308 -0.0030 0.9024 90.5877
0.9225 0.0238 0.3853 58.1586 -0.0247 0.9997 -0.0026 -2.9494 -0.3852 -0.0071 0.9228 91.0188
0.9385 0.0294 0.3440 58.2787 -0.0314 0.9995 0.0002 -2.9549 -0.3439 -0.0110 0.9390 91.4432
0.9501 0.0338 0.3102 58.3837 -0.0355 0.9994 0.0000 -2.9604 -0.3100 -0.0110 0.9507 91.9007
0.9587 0.0385 0.2818 58.4588 -0.0398 0.9992 -0.0012 -2.9484 -0.2816 -0.0100 0.9595 92.3278
0.9650 0.0310 0.2604 58.5579 -0.0319 0.9995 -0.0007 -2.9629 -0.2603 -0.0076 0.9655 92.7526
0.9686 0.0293 0.2468 58.6468 -0.0304 0.9995 0.0006 -2.9726 -0.2466 -0.0080 0.9691 93.2112
0.9727 0.0299 0.2303 58.7976 -0.0312 0.9995 0.0021 -2.9905 -0.2301 -0.0092 0.9731 93.7476
0.9745 0.0354 0.2215 58.8846 -0.0368 0.9993 0.0024 -2.9880 -0.2213 -0.0105 0.9752 94.2276
0.9752 0.0439 0.2170 58.9688 -0.0452 0.9990 0.0009 -2.9874 -0.2167 -0.0107 0.9762 94.7360
0.9752 0.0477 0.2159 59.0459 -0.0483 0.9988 -0.0024 -2.9866 -0.2158 -0.0081 0.9764 95.2742
0.9750 0.0503 0.2165 59.1424 -0.0505 0.9987 -0.0050 -3.0035 -0.2164 -0.0061 0.9763 95.7906
0.9742 0.0484 0.2204 59.2545 -0.0474 0.9988 -0.0097 -2.9966 -0.2206 -0.0010 0.9754 96.3225
0.9747 0.0424 0.2195 59.4243 -0.0405 0.9991 -0.0132 -3.0239 -0.2199 0.0039 0.9755 96.9252
0.9735 0.0424 0.2246 59.5443 -0.0391 0.9991 -0.0190 -3.0160 -0.2252 0.0098 0.9743 97.4883
0.9721 0.0473 0.2297 59.6682 -0.0441 0.9988 -0.0194 -3.0166 -0.2304 0.0088 0.9731 98.0683
0.9704 0.0506 0.2360 59.7965 -0.0483 0.9987 -0.0155 -3.0289 -0.2365 0.0036 0.9716 98.6441
0.9711 0.0448 0.2345 59.9792 -0.0439 0.9990 -0.0091 -3.0539 -0.2347 -0.0015 0.9721 99.2177
0.9702 0.0406 0.2387 60.1345 -0.0410 0.9992 -0.0035 -3.0627 -0.2386 -0.0064 0.9711 99.8293
0.9694 0.0381 0.2426 60.2949 -0.0395 0.9992 0.0010 -3.0720 -0.2423 -0.0106 0.9701 100.4458
0.9687 0.0335 0.2461 60.4485 -0.0349 0.9994 0.0012 -3.0698 -0.2460 -0.0098 0.9692 101.0583
0.9699 0.0300 0.2417 60.6033 -0.0308 0.9995 -0.0003 -3.0833 -0.2416 -0.0072 0.9704 101.6602
0.9701 0.0291 0.2412 60.7660 -0.0281 0.9996 -0.0075 -3.0878 -0.2413 0.0005 0.9705 102.2919
0.9701 0.0320 0.2408 60.9154 -0.0294 0.9995 -0.0143 -3.0936 -0.2411 0.0068 0.9705 102.9464
0.9706 0.0350 0.2380 61.0659 -0.0316 0.9993 -0.0181 -3.1023 -0.2385 0.0101 0.9711 103.5882
0.9715 0.0335 0.2349 61.2292 -0.0312 0.9994 -0.0133 -3.1119 -0.2352 0.0056 0.9719 104.2936
0.9719 0.0292 0.2334 61.3958 -0.0286 0.9996 -0.0058 -3.1223 -0.2335 -0.0010 0.9724 104.9796
0.9725 0.0298 0.2309 61.5616 -0.0306 0.9995 -0.0001 -3.1323 -0.2308 -0.0069 0.9730 105.6839
0.9727 0.0338 0.2294 61.7133 -0.0346 0.9994 -0.0005 -3.1473 -0.2293 -0.0074 0.9733 106.3756
0.9731 0.0391 0.2268 61.8679 -0.0389 0.9992 -0.0052 -3.1538 -0.2269 -0.0037 0.9739 107.1146
0.9740 0.0401 0.2228 62.0324 -0.0387 0.9992 -0.0107 -3.1597 -0.2230 0.0018 0.9748 107.8316
0.9749 0.0388 0.2191 62.1841 -0.0367 0.9992 -0.0137 -3.1668 -0.2195 0.0053 0.9756 108.5652
0.9758 0.0367 0.2154 62.3562 -0.0349 0.9993 -0.0121 -3.1775 -0.2157 0.0043 0.9765 109.3286
0.9768 0.0320 0.2119 62.5136 -0.0305 0.9995 -0.0101 -3.1952 -0.2121 0.0034 0.9772 110.0788
0.9771 0.0311 0.2104 62.6735 -0.0302 0.9995 -0.0074 -3.2067 -0.2105 0.0009 0.9776 110.8515
0.9775 0.0275 0.2091 62.8386 -0.0270 0.9996 -0.0054 -3.2153 -0.2092 -0.0004 0.9779 111.6292
0.9776 0.0235 0.2092 62.9985 -0.0231 0.9997 -0.0044 -3.2175 -0.2093 -0.0005 0.9779 112.4115
0.9777 0.0236 0.2087 63.1633 -0.0234 0.9997 -0.0033 -3.2158 -0.2087 -0.0017 0.9780 113.2041
0.9779 0.0276 0.2075 63.3541 -0.0273 0.9996 -0.0045 -3.2471 -0.2075 -0.0013 0.9782 113.9958
0.9776 0.0337 0.2080 63.5158 -0.0328 0.9994 -0.0077 -3.2582 -0.2081 0.0007 0.9781 114.7880
0.9770 0.0428 0.2089 63.6808 -0.0417 0.9991 -0.0095 -3.2617 -0.2091 0.0006 0.9779 115.6119
0.9761 0.0488 0.2119 63.8521 -0.0480 0.9988 -0.0091 -3.2773 -0.2121 -0.0013 0.9772 116.4380
0.9754 0.0515 0.2144 64.0412 -0.0511 0.9987 -0.0072 -3.2934 -0.2145 -0.0040 0.9767 117.2551
0.9750 0.0512 0.2162 64.2225 -0.0508 0.9987 -0.0071 -3.3164 -0.2163 -0.0041 0.9763 118.1295
0.9747 0.0492 0.2182 64.4100 -0.0481 0.9988 -0.0103 -3.3248 -0.2184 -0.0005 0.9759 118.9673
0.9747 0.0434 0.2193 64.6161 -0.0425 0.9991 -0.0088 -3.3469 -0.2195 -0.0008 0.9756 119.8130
0.9750 0.0364 0.2193 64.8172 -0.0349 0.9993 -0.0107 -3.3589 -0.2196 0.0027 0.9756 120.6601
0.9747 0.0363 0.2206 65.0106 -0.0348 0.9993 -0.0107 -3.3752 -0.2209 0.0027 0.9753 121.4729
0.9743 0.0385 0.2219 65.2092 -0.0377 0.9993 -0.0078 -3.3920 -0.2220 -0.0008 0.9750 122.2807
0.9739 0.0407 0.2235 65.3646 -0.0414 0.9991 -0.0015 -3.4065 -0.2234 -0.0077 0.9747 123.2022
0.9735 0.0436 0.2245 65.5497 -0.0453 0.9990 0.0025 -3.4227 -0.2241 -0.0126 0.9745 124.0327
0.9733 0.0433 0.2253 65.7445 -0.0436 0.9990 -0.0039 -3.4354 -0.2253 -0.0061 0.9743 124.8497
0.9737 0.0386 0.2245 65.9531 -0.0353 0.9992 -0.0187 -3.4493 -0.2251 0.0102 0.9743 125.6693
0.9739 0.0366 0.2239 66.1411 -0.0313 0.9991 -0.0273 -3.4734 -0.2247 0.0196 0.9742 126.4766
0.9744 0.0329 0.2224 66.3477 -0.0296 0.9994 -0.0180 -3.4995 -0.2229 0.0110 0.9748 127.2664
0.9749 0.0261 0.2212 66.5350 -0.0274 0.9996 0.0029 -3.5120 -0.2211 -0.0089 0.9752 128.0953
0.9752 0.0232 0.2202 66.7415 -0.0277 0.9995 0.0177 -3.5247 -0.2196 -0.0234 0.9753 128.9300
0.9752 0.0279 0.2194 66.9220 -0.0313 0.9994 0.0119 -3.5339 -0.2190 -0.0185 0.9756 129.7532
0.9754 0.0364 0.2176 67.0959 -0.0364 0.9993 -0.0040 -3.5423 -0.2176 -0.0040 0.9760 130.5541
0.9759 0.0353 0.2155 67.2940 -0.0335 0.9994 -0.0119 -3.5495 -0.2158 0.0044 0.9764 131.3553
0.9765 0.0319 0.2129 67.4966 -0.0299 0.9995 -0.0128 -3.5682 -0.2132 0.0061 0.9770 132.1702
0.9770 0.0325 0.2109 67.6602 -0.0308 0.9995 -0.0111 -3.5811 -0.2112 0.0044 0.9774 132.9842
0.9780 0.0304 0.2064 67.8414 -0.0284 0.9995 -0.0128 -3.5960 -0.2067 0.0067 0.9784 133.7803
0.9786 0.0319 0.2031 67.8904 -0.0296 0.9995 -0.0141 -3.6063 -0.2034 0.0078 0.9791 134.4988
0.9790 0.0373 0.2003 68.0447 -0.0353 0.9993 -0.0139 -3.6333 -0.2007 0.0065 0.9796 135.3090
0.9792 0.0437 0.1983 68.1955 -0.0417 0.9990 -0.0143 -3.6485 -0.1987 0.0057 0.9800 136.1188
0.9795 0.0450 0.1963 68.3488 -0.0434 0.9990 -0.0125 -3.6689 -0.1967 0.0037 0.9805 136.9060
0.9798 0.0418 0.1957 68.4849 -0.0411 0.9991 -0.0076 -3.6902 -0.1958 -0.0006 0.9806 137.7202
0.9801 0.0415 0.1939 68.6421 -0.0408 0.9991 -0.0076 -3.7075 -0.1940 -0.0005 0.9810 138.5055
0.9807 0.0381 0.1918 68.7635 -0.0367 0.9993 -0.0106 -3.7286 -0.1921 0.0034 0.9814 139.2721
0.9817 0.0331 0.1876 68.8588 -0.0310 0.9994 -0.0140 -3.7404 -0.1880 0.0079 0.9821 139.9844
0.9831 0.0302 0.1807 69.0174 -0.0280 0.9995 -0.0148 -3.7687 -0.1810 0.0095 0.9834 140.7615
0.9841 0.0289 0.1750 69.1243 -0.0277 0.9996 -0.0091 -3.7867 -0.1752 0.0041 0.9845 141.5376
0.9853 0.0261 0.1688 69.2564 -0.0263 0.9997 -0.0012 -3.7953 -0.1688 -0.0032 0.9856 142.3418
0.9860 0.0221 0.1652 69.3842 -0.0238 0.9997 0.0085 -3.8155 -0.1650 -0.0124 0.9862 143.1385
0.9864 0.0299 0.1614 69.5042 -0.0320 0.9994 0.0107 -3.8114 -0.1610 -0.0157 0.9868 143.9415
0.9872 0.0344 0.1560 69.6511 -0.0358 0.9993 0.0061 -3.7983 -0.1557 -0.0116 0.9877 144.6754
0.9882 0.0346 0.1492 69.7506 -0.0344 0.9994 -0.0034 -3.8173 -0.1492 -0.0018 0.9888 145.4501
0.9893 0.0316 0.1426 69.8633 -0.0306 0.9995 -0.0091 -3.8202 -0.1429 0.0046 0.9897 146.2372
0.9902 0.0303 0.1363 69.9627 -0.0294 0.9995 -0.0082 -3.8298 -0.1365 0.0041 0.9906 147.0448
0.9909 0.0370 0.1292 70.0380 -0.0367 0.9993 -0.0049 -3.8450 -0.1293 0.0001 0.9916 147.8444
0.9917 0.0430 0.1211 70.1171 -0.0425 0.9991 -0.0063 -3.8562 -0.1212 0.0011 0.9926 148.6523
0.9928 0.0460 0.1108 70.2037 -0.0450 0.9989 -0.0123 -3.8695 -0.1112 0.0073 0.9938 149.4739
0.9937 0.0448 0.1029 70.2747 -0.0435 0.9989 -0.0147 -3.8835 -0.1035 0.0102 0.9946 150.3232
0.9944 0.0458 0.0954 70.3377 -0.0450 0.9989 -0.0111 -3.8923 -0.0958 0.0067 0.9954 151.0898
0.9950 0.0484 0.0874 70.4030 -0.0482 0.9988 -0.0040 -3.9079 -0.0875 -0.0002 0.9962 151.9391
0.9955 0.0515 0.0799 70.4412 -0.0518 0.9987 0.0016 -3.9197 -0.0797 -0.0057 0.9968 152.7728
0.9961 0.0510 0.0723 70.4974 -0.0515 0.9987 0.0048 -3.9276 -0.0719 -0.0085 0.9974 153.6232
0.9964 0.0531 0.0665 70.5347 -0.0537 0.9985 0.0073 -3.9439 -0.0660 -0.0109 0.9978 154.4078
0.9964 0.0557 0.0632 70.5574 -0.0563 0.9984 0.0076 -3.9912 -0.0626 -0.0111 0.9980 155.1485
0.9963 0.0627 0.0590 70.5866 -0.0629 0.9980 0.0014 -3.9815 -0.0588 -0.0051 0.9983 155.9475
0.9966 0.0625 0.0530 70.6556 -0.0623 0.9980 -0.0052 -3.9914 -0.0532 0.0019 0.9986 156.7978
0.9967 0.0637 0.0502 70.6858 -0.0634 0.9980 -0.0081 -3.9864 -0.0506 0.0049 0.9987 157.6365
0.9968 0.0651 0.0473 70.7058 -0.0650 0.9979 -0.0020 -3.9935 -0.0474 -0.0011 0.9989 158.4603
0.9967 0.0673 0.0461 70.7195 -0.0678 0.9977 0.0086 -4.0011 -0.0454 -0.0117 0.9989 159.2632
0.9969 0.0673 0.0413 70.7883 -0.0680 0.9976 0.0161 -4.0095 -0.0401 -0.0189 0.9990 160.0154
0.9972 0.0652 0.0362 70.8215 -0.0657 0.9977 0.0137 -4.0267 -0.0352 -0.0160 0.9992 160.7904
0.9983 0.0499 0.0288 70.8780 -0.0500 0.9987 0.0031 -3.9889 -0.0286 -0.0045 0.9996 161.5562
0.9986 0.0490 0.0221 70.8955 -0.0490 0.9988 -0.0001 -4.0107 -0.0220 -0.0010 0.9998 162.3146
0.9985 0.0534 0.0148 70.9070 -0.0534 0.9986 0.0015 -4.0162 -0.0147 -0.0023 0.9999 163.1001
0.9986 0.0515 0.0083 70.8801 -0.0515 0.9986 0.0080 -4.0278 -0.0079 -0.0084 0.9999 163.9078
0.9989 0.0462 0.0006 70.8801 -0.0462 0.9989 0.0117 -4.0313 -0.0001 -0.0118 0.9999 164.6778
0.9993 0.0377 -0.0051 70.8898 -0.0376 0.9992 0.0161 -4.0299 0.0057 -0.0159 0.9999 165.4838
0.9993 0.0349 -0.0119 70.9019 -0.0347 0.9993 0.0165 -4.0390 0.0124 -0.0160 0.9998 166.2763
0.9994 0.0295 -0.0183 70.8831 -0.0293 0.9995 0.0092 -4.0146 0.0185 -0.0086 0.9998 167.0876
0.9994 0.0208 -0.0259 70.8666 -0.0208 0.9998 -0.0004 -4.0249 0.0259 0.0010 0.9997 167.8889
0.9994 0.0103 -0.0324 70.8504 -0.0104 0.9999 -0.0044 -4.0309 0.0324 0.0048 0.9995 168.6925
0.9991 0.0131 -0.0395 70.8293 -0.0130 0.9999 0.0033 -4.0325 0.0395 -0.0028 0.9992 169.4847
0.9988 0.0244 -0.0436 70.7557 -0.0237 0.9996 0.0159 -4.0342 0.0440 -0.0148 0.9989 170.3184
0.9984 0.0303 -0.0480 70.7081 -0.0292 0.9993 0.0235 -4.0270 0.0487 -0.0221 0.9986 171.1710
0.9983 0.0298 -0.0504 70.6274 -0.0289 0.9994 0.0201 -4.0202 0.0510 -0.0187 0.9985 172.0028
0.9981 0.0311 -0.0529 70.5865 -0.0306 0.9995 0.0099 -4.0259 0.0532 -0.0082 0.9986 172.7853
0.9975 0.0418 -0.0574 70.5484 -0.0418 0.9991 0.0011 -4.0299 0.0574 0.0013 0.9983 173.5708
0.9976 0.0393 -0.0575 70.4339 -0.0395 0.9992 -0.0030 -4.0426 0.0573 0.0052 0.9983 174.4289
0.9976 0.0350 -0.0593 70.3849 -0.0350 0.9994 0.0018 -4.0424 0.0593 0.0003 0.9982 175.2152
0.9976 0.0349 -0.0594 70.3347 -0.0343 0.9994 0.0108 -4.0506 0.0597 -0.0088 0.9982 176.0444
0.9976 0.0364 -0.0597 70.2924 -0.0355 0.9992 0.0160 -4.0456 0.0602 -0.0139 0.9981 176.8568
0.9975 0.0359 -0.0616 70.2361 -0.0350 0.9993 0.0149 -4.0386 0.0621 -0.0127 0.9980 177.6777
0.9974 0.0322 -0.0643 70.1937 -0.0319 0.9995 0.0054 -4.0497 0.0645 -0.0034 0.9979 178.4995
0.9976 0.0229 -0.0653 70.1252 -0.0233 0.9997 -0.0052 -4.0669 0.0651 0.0067 0.9979 179.3181
0.9976 0.0119 -0.0676 70.0840 -0.0126 0.9999 -0.0097 -4.0684 0.0675 0.0106 0.9977 180.1326
0.9975 0.0148 -0.0683 70.0217 -0.0152 0.9999 -0.0049 -4.0817 0.0683 0.0060 0.9976 180.9620
0.9973 0.0208 -0.0705 69.9754 -0.0205 0.9998 0.0051 -4.0930 0.0706 -0.0037 0.9975 181.8390
0.9972 0.0219 -0.0716 69.9059 -0.0213 0.9997 0.0087 -4.1062 0.0718 -0.0072 0.9974 182.6596
0.9971 0.0204 -0.0729 69.8487 -0.0201 0.9998 0.0050 -4.1134 0.0730 -0.0035 0.9973 183.4670
0.9972 0.0204 -0.0725 69.7792 -0.0206 0.9998 -0.0017 -4.1166 0.0725 0.0031 0.9974 184.2765
0.9969 0.0265 -0.0747 69.7342 -0.0267 0.9996 -0.0023 -4.1226 0.0746 0.0043 0.9972 185.1136
0.9968 0.0295 -0.0744 69.6620 -0.0295 0.9996 0.0007 -4.1337 0.0744 0.0015 0.9972 185.9397
0.9966 0.0327 -0.0757 69.5949 -0.0325 0.9995 0.0035 -4.1374 0.0758 -0.0010 0.9971 186.7447
0.9965 0.0373 -0.0742 69.4987 -0.0370 0.9993 0.0060 -4.1391 0.0743 -0.0033 0.9972 187.5227
0.9964 0.0394 -0.0749 69.4336 -0.0391 0.9992 0.0055 -4.1394 0.0751 -0.0026 0.9972 188.3074
0.9965 0.0381 -0.0748 69.3571 -0.0380 0.9993 0.0022 -4.1555 0.0748 0.0007 0.9972 189.0795
0.9963 0.0405 -0.0760 69.2839 -0.0409 0.9992 -0.0034 -4.1590 0.0758 0.0065 0.9971 189.8358
0.9962 0.0403 -0.0776 69.2373 -0.0406 0.9992 -0.0022 -4.1787 0.0774 0.0054 0.9970 190.5905
0.9960 0.0410 -0.0788 69.1622 -0.0406 0.9991 0.0070 -4.1764 0.0790 -0.0038 0.9969 191.3646
0.9960 0.0394 -0.0800 69.0969 -0.0382 0.9991 0.0161 -4.1846 0.0806 -0.0130 0.9967 192.1364
0.9962 0.0326 -0.0807 69.0371 -0.0313 0.9994 0.0175 -4.1857 0.0812 -0.0149 0.9966 192.8780
0.9963 0.0315 -0.0805 68.9536 -0.0307 0.9995 0.0112 -4.2016 0.0808 -0.0087 0.9967 193.5726
0.9961 0.0319 -0.0828 68.9484 -0.0315 0.9995 0.0058 -4.1822 0.0829 -0.0032 0.9965 194.2814
0.9962 0.0314 -0.0818 68.8869 -0.0316 0.9995 -0.0006 -4.1847 0.0817 0.0032 0.9966 194.9467
0.9963 0.0292 -0.0810 68.8148 -0.0296 0.9996 -0.0035 -4.2091 0.0809 0.0058 0.9967 195.6299
0.9965 0.0261 -0.0788 68.7841 -0.0268 0.9996 -0.0079 -4.2262 0.0785 0.0100 0.9969 196.2595
0.9970 0.0223 -0.0745 68.7372 -0.0230 0.9997 -0.0091 -4.2214 0.0742 0.0108 0.9972 196.8777
0.9974 0.0232 -0.0689 68.6810 -0.0236 0.9997 -0.0045 -4.2286 0.0688 0.0061 0.9976 197.5314
0.9976 0.0280 -0.0628 68.6444 -0.0278 0.9996 0.0044 -4.2355 0.0629 -0.0027 0.9980 198.1654
0.9978 0.0342 -0.0574 68.6111 -0.0337 0.9994 0.0087 -4.2460 0.0576 -0.0068 0.9983 198.8022
0.9980 0.0352 -0.0518 68.5848 -0.0349 0.9994 0.0065 -4.2431 0.0520 -0.0047 0.9986 199.4512
0.9984 0.0337 -0.0452 68.5637 -0.0338 0.9994 -0.0011 -4.2630 0.0451 0.0026 0.9990 200.0900
0.9987 0.0339 -0.0382 68.5470 -0.0343 0.9994 -0.0103 -4.2684 0.0378 0.0116 0.9992 200.7269
0.9989 0.0373 -0.0299 68.4873 -0.0377 0.9992 -0.0157 -4.2742 0.0293 0.0169 0.9994 201.3655
0.9991 0.0364 -0.0226 68.4769 -0.0368 0.9992 -0.0142 -4.2946 0.0221 0.0150 0.9996 201.9823
0.9993 0.0329 -0.0167 68.4736 -0.0330 0.9994 -0.0092 -4.3035 0.0164 0.0097 0.9998 202.6039
0.9996 0.0255 -0.0107 68.4789 -0.0256 0.9997 -0.0031 -4.3266 0.0106 0.0033 0.9999 203.2169
0.9998 0.0201 -0.0052 68.4861 -0.0201 0.9998 -0.0016 -4.3448 0.0052 0.0017 1.0000 203.8334
0.9998 0.0215 -0.0015 68.4625 -0.0215 0.9998 -0.0023 -4.3350 0.0015 0.0024 1.0000 204.7001
0.9997 0.0249 0.0000 68.4444 -0.0249 0.9997 -0.0005 -4.3480 -0.0000 0.0005 1.0000 205.3226
0.9997 0.0255 0.0001 68.4332 -0.0255 0.9997 0.0010 -4.3463 -0.0001 -0.0010 1.0000 205.9397
0.9997 0.0250 -0.0010 68.4368 -0.0250 0.9997 0.0039 -4.3533 0.0011 -0.0039 1.0000 206.5538
0.9996 0.0275 -0.0006 68.4520 -0.0275 0.9996 0.0065 -4.3643 0.0008 -0.0064 1.0000 207.0925
0.9994 0.0356 -0.0008 68.4360 -0.0356 0.9994 0.0016 -4.3724 0.0008 -0.0016 1.0000 207.7055
0.9992 0.0403 -0.0013 68.4112 -0.0403 0.9992 -0.0075 -4.3730 0.0010 0.0076 1.0000 208.3236
0.9993 0.0382 -0.0046 68.4152 -0.0383 0.9991 -0.0159 -4.3880 0.0039 0.0160 0.9999 208.9296
0.9995 0.0324 -0.0075 68.4053 -0.0325 0.9993 -0.0206 -4.3898 0.0068 0.0208 0.9998 209.5447
0.9993 0.0348 -0.0110 68.4104 -0.0350 0.9993 -0.0138 -4.4027 0.0105 0.0141 0.9998 210.1497
0.9990 0.0423 -0.0147 68.3870 -0.0424 0.9991 -0.0015 -4.4140 0.0147 0.0021 0.9999 210.7952
0.9991 0.0376 -0.0189 68.3745 -0.0373 0.9992 0.0126 -4.4193 0.0194 -0.0119 0.9997 211.4372
0.9993 0.0311 -0.0229 68.3656 -0.0306 0.9993 0.0223 -4.4261 0.0236 -0.0216 0.9995 212.0758
0.9992 0.0290 -0.0258 68.3436 -0.0285 0.9994 0.0203 -4.4221 0.0263 -0.0195 0.9995 212.7209
0.9991 0.0331 -0.0282 68.3239 -0.0327 0.9994 0.0149 -4.4258 0.0286 -0.0140 0.9995 213.2823
0.9990 0.0316 -0.0323 68.2927 -0.0314 0.9995 0.0057 -4.4140 0.0325 -0.0046 0.9995 213.9280
0.9991 0.0235 -0.0348 68.2819 -0.0235 0.9997 0.0007 -4.4072 0.0348 0.0001 0.9994 214.5800
0.9992 0.0155 -0.0356 68.2739 -0.0153 0.9999 0.0057 -4.4078 0.0356 -0.0052 0.9993 215.2279
0.9993 0.0091 -0.0374 68.2510 -0.0087 0.9999 0.0099 -4.4148 0.0374 -0.0095 0.9993 215.8846
0.9992 0.0054 -0.0395 68.2505 -0.0049 0.9999 0.0130 -4.4209 0.0395 -0.0128 0.9991 216.5690
0.9992 0.0033 -0.0407 68.2257 -0.0030 0.9999 0.0095 -4.4157 0.0407 -0.0094 0.9991 217.2303
0.9991 -0.0032 -0.0416 68.2070 0.0034 1.0000 0.0050 -4.4169 0.0416 -0.0051 0.9991 217.8780
0.9990 -0.0122 -0.0428 68.1906 0.0124 0.9999 0.0035 -4.4121 0.0428 -0.0040 0.9991 218.5311
0.9989 -0.0133 -0.0445 68.1671 0.0137 0.9999 0.0067 -4.4216 0.0444 -0.0073 0.9990 219.2040
0.9989 -0.0132 -0.0443 68.1301 0.0137 0.9998 0.0111 -4.4221 0.0441 -0.0117 0.9990 219.7893
0.9989 -0.0138 -0.0455 68.1079 0.0144 0.9998 0.0137 -4.4245 0.0453 -0.0143 0.9989 220.4432
0.9988 -0.0152 -0.0457 68.0713 0.0158 0.9998 0.0111 -4.4280 0.0455 -0.0118 0.9989 221.0981
0.9988 -0.0186 -0.0449 68.0354 0.0188 0.9998 0.0041 -4.4387 0.0448 -0.0049 0.9990 221.7135
0.9988 -0.0200 -0.0454 68.0116 0.0198 0.9998 -0.0058 -4.4358 0.0455 0.0049 0.9989 222.3631
0.9989 -0.0166 -0.0436 67.9784 0.0161 0.9998 -0.0107 -4.4477 0.0438 0.0100 0.9990 223.1069
0.9990 -0.0123 -0.0426 67.9359 0.0120 0.9999 -0.0092 -4.4700 0.0427 0.0087 0.9990 223.7145
0.9990 -0.0143 -0.0431 67.9158 0.0142 0.9999 -0.0029 -4.4818 0.0431 0.0023 0.9991 224.3405
0.9989 -0.0170 -0.0448 67.9133 0.0172 0.9998 0.0046 -4.4806 0.0447 -0.0053 0.9990 224.9693
0.9988 -0.0176 -0.0452 67.8929 0.0180 0.9998 0.0093 -4.4758 0.0450 -0.0101 0.9989 225.5478
0.9989 -0.0156 -0.0448 67.8671 0.0162 0.9998 0.0133 -4.4961 0.0446 -0.0141 0.9989 226.0790
0.9987 -0.0187 -0.0474 67.8363 0.0195 0.9997 0.0163 -4.4949 0.0471 -0.0172 0.9987 226.6442
0.9984 -0.0245 -0.0518 67.8051 0.0254 0.9996 0.0154 -4.4960 0.0514 -0.0166 0.9985 227.1717
0.9978 -0.0289 -0.0603 67.7851 0.0297 0.9995 0.0130 -4.4938 0.0599 -0.0148 0.9981 227.6922
0.9969 -0.0329 -0.0718 67.7569 0.0337 0.9994 0.0097 -4.5032 0.0714 -0.0121 0.9974 228.1975
0.9957 -0.0331 -0.0861 67.7183 0.0337 0.9994 0.0048 -4.4913 0.0859 -0.0077 0.9963 228.6772
0.9939 -0.0350 -0.1049 67.6604 0.0355 0.9994 0.0022 -4.4902 0.1047 -0.0059 0.9945 229.1377
0.9913 -0.0380 -0.1263 67.5881 0.0387 0.9992 0.0037 -4.5038 0.1260 -0.0086 0.9920 229.5424
0.9880 -0.0359 -0.1505 67.4951 0.0373 0.9993 0.0061 -4.5097 0.1501 -0.0117 0.9886 229.9914
0.9832 -0.0360 -0.1789 67.4070 0.0381 0.9992 0.0083 -4.5111 0.1785 -0.0149 0.9838 230.4385
0.9770 -0.0373 -0.2100 67.2846 0.0399 0.9992 0.0080 -4.5266 0.2095 -0.0162 0.9777 230.8658
0.9685 -0.0352 -0.2464 67.1640 0.0374 0.9993 0.0041 -4.5305 0.2461 -0.0132 0.9692 231.3000
0.9577 -0.0314 -0.2861 67.0187 0.0326 0.9995 -0.0004 -4.5378 0.2859 -0.0090 0.9582 231.7031
0.9441 -0.0278 -0.3285 66.8482 0.0282 0.9996 -0.0036 -4.5553 0.3285 -0.0059 0.9445 232.1165
0.9274 -0.0227 -0.3735 66.6707 0.0223 0.9997 -0.0054 -4.5517 0.3735 -0.0033 0.9276 232.4932
0.9077 -0.0131 -0.4194 66.4570 0.0111 0.9999 -0.0072 -4.5561 0.4195 0.0018 0.9078 232.8465
0.8848 0.0006 -0.4660 66.2136 -0.0042 1.0000 -0.0066 -4.5790 0.4660 0.0078 0.8847 233.1823
0.8570 0.0112 -0.5153 65.9880 -0.0166 0.9998 -0.0060 -4.5648 0.5151 0.0137 0.8570 233.5058
0.8259 0.0203 -0.5634 65.7203 -0.0267 0.9996 -0.0032 -4.5732 0.5631 0.0177 0.8262 233.8126
0.7910 0.0280 -0.6111 65.4423 -0.0340 0.9994 0.0018 -4.5874 0.6108 0.0193 0.7915 234.1082
0.7539 0.0342 -0.6561 65.1250 -0.0376 0.9993 0.0088 -4.5668 0.6559 0.0180 0.7546 234.4161
0.7140 0.0463 -0.6986 64.8330 -0.0422 0.9988 0.0230 -4.5692 0.6989 0.0131 0.7151 234.6724
0.6731 0.0581 -0.7373 64.5158 -0.0465 0.9983 0.0363 -4.5703 0.7381 0.0098 0.6746 234.8985
0.6289 0.0664 -0.7746 64.1833 -0.0504 0.9977 0.0446 -4.5508 0.7758 0.0110 0.6308 235.1479
0.5852 0.0700 -0.8078 63.8308 -0.0531 0.9974 0.0479 -4.5048 0.8091 0.0149 0.5875 235.3375
0.5397 0.0730 -0.8387 63.4841 -0.0550 0.9972 0.0515 -4.4760 0.8401 0.0183 0.5422 235.4913
0.4902 0.0705 -0.8688 63.1352 -0.0468 0.9974 0.0545 -4.4698 0.8703 0.0139 0.4922 235.6719
0.4388 0.0647 -0.8963 62.7961 -0.0372 0.9979 0.0538 -4.4664 0.8978 0.0097 0.4402 235.8075
0.3859 0.0568 -0.9208 62.4295 -0.0279 0.9984 0.0499 -4.4450 0.9221 0.0064 0.3869 235.9354
0.3334 0.0518 -0.9414 62.0317 -0.0222 0.9986 0.0471 -4.4402 0.9425 0.0052 0.3341 236.0320
0.2810 0.0491 -0.9584 61.6380 -0.0198 0.9988 0.0454 -4.4237 0.9595 0.0063 0.2816 236.1234
0.2319 0.0506 -0.9714 61.2251 -0.0195 0.9987 0.0473 -4.4191 0.9725 0.0080 0.2326 236.1794
0.1856 0.0518 -0.9813 60.7944 -0.0176 0.9986 0.0494 -4.4066 0.9825 0.0081 0.1862 236.2214
0.1428 0.0506 -0.9885 60.2918 -0.0151 0.9987 0.0489 -4.3829 0.9896 0.0079 0.1434 236.2679
0.1039 0.0495 -0.9934 59.8601 -0.0168 0.9987 0.0480 -4.3451 0.9944 0.0117 0.1046 236.2634
0.0686 0.0484 -0.9965 59.3903 -0.0159 0.9987 0.0475 -4.3282 0.9975 0.0126 0.0693 236.2664
0.0403 0.0459 -0.9981 58.8913 -0.0165 0.9988 0.0453 -4.3089 0.9991 0.0147 0.0410 236.2521
0.0136 0.0432 -0.9990 58.3390 -0.0181 0.9989 0.0429 -4.2631 0.9997 0.0175 0.0144 236.2745
-0.0085 0.0422 -0.9991 57.8241 -0.0189 0.9989 0.0424 -4.2467 0.9998 0.0193 -0.0077 236.2522
-0.0259 0.0403 -0.9989 57.2454 -0.0215 0.9989 0.0408 -4.2260 0.9994 0.0225 -0.0250 236.1848
-0.0417 0.0401 -0.9983 56.7118 -0.0238 0.9989 0.0411 -4.2236 0.9988 0.0255 -0.0407 236.1702
